     0.01        14.55284      0.000    0.000    0.000                 0.00
     0.02        20.09189      0.000    0.000    0.000                 0.00
     0.03        24.05415      0.000    0.000    0.000                 0.00
     1.00        62.30605     62.068   62.098   62.038 n93n           62.96
     5.00        64.14430     63.630   63.710   63.550 n93n           41.33
    10.00        60.55517     59.960   60.070   59.850 n93n           29.28
    25.00        51.09079     50.900   51.090   50.710 n93n            1.01
    50.00        38.90723     40.540   40.820   40.260 n93n           34.00
   100.00        19.22293     26.780   27.160   26.400 n93n          395.49
   150.00         1.62208     16.940   17.350   16.530 n93n         1395.83
   200.00       -15.37767      8.940    9.330    8.550 n93n         3887.90
   250.00       -32.28342      1.960    2.330    1.590 n93n         8565.46
   300.00       -49.26405     -4.460   -4.030   -4.890 n93n        10856.69
   350.00       -66.31317    -10.590   -9.970  -11.210 n93n         8077.71
   400.00       -83.30569      0.000    0.000    0.000                 0.00
   600.00        35.04818      0.000    0.000    0.000                 0.00
   800.00         3.36705      0.000    0.000    0.000                 0.00
  1000.00         0.02077      0.000    0.000    0.000                 0.00
