     0.01        14.55598      0.000    0.000    0.000                 0.00
     0.02        20.09688      0.000    0.000    0.000                 0.00
     0.03        24.06086      0.000    0.000    0.000                 0.00
     1.00        62.39061     62.068   62.098   62.038 n93n          115.64
     5.00        64.35182     63.630   63.710   63.550 n93n           81.41
    10.00        60.85633     59.960   60.070   59.850 n93n           66.40
    25.00        51.57265     50.900   51.090   50.710 n93n           12.53
    50.00        39.56056     40.540   40.820   40.260 n93n           12.24
   100.00        20.01831     26.780   27.160   26.400 n93n          316.62
   150.00         2.43035     16.940   17.350   16.530 n93n         1252.41
   200.00       -14.62436      8.940    9.330    8.550 n93n         3650.75
   250.00       -31.62444      1.960    2.330    1.590 n93n         8238.97
   300.00       -48.72215     -4.460   -4.030   -4.890 n93n        10595.66
   350.00       -65.89996    -10.590   -9.970  -11.210 n93n         7958.35
   400.00       -83.02433      0.000    0.000    0.000                 0.00
   600.00        34.91369      0.000    0.000    0.000                 0.00
   800.00         3.26842      0.000    0.000    0.000                 0.00
  1000.00         0.01882      0.000    0.000    0.000                 0.00
