     0.01        14.55432      0.000    0.000    0.000                 0.00
     0.02        20.09321      0.000    0.000    0.000                 0.00
     0.03        24.05493      0.000    0.000    0.000                 0.00
     1.00        62.24694     62.068   62.098   62.038 n93n           35.58
     5.00        63.98923     63.630   63.710   63.550 n93n           20.16
    10.00        60.32748     59.960   60.070   59.850 n93n           11.16
    25.00        50.72032     50.900   51.090   50.710 n93n            0.89
    50.00        38.39314     40.540   40.820   40.260 n93n           58.79
   100.00        18.56611     26.780   27.160   26.400 n93n          467.23
   150.00         0.91736     16.940   17.350   16.530 n93n         1527.22
   200.00       -16.07757      8.940    9.330    8.550 n93n         4114.92
   250.00       -32.94509      1.960    2.330    1.590 n93n         8899.67
   300.00       -49.86526     -4.460   -4.030   -4.890 n93n        11150.02
   350.00       -66.83914    -10.590   -9.970  -11.210 n93n         8230.92
   400.00       -83.74715      0.000    0.000    0.000                 0.00
   600.00        34.94772      0.000    0.000    0.000                 0.00
   800.00         3.39313      0.000    0.000    0.000                 0.00
  1000.00         0.02176      0.000    0.000    0.000                 0.00
