     0.01        14.55372      0.000    0.000    0.000                 0.00
     0.02        20.09315      0.000    0.000    0.000                 0.00
     0.03        24.05570      0.000    0.000    0.000                 0.00
     1.00        62.31543     62.068   62.098   62.038 n93n           68.02
     5.00        64.16444     63.630   63.710   63.550 n93n           44.63
    10.00        60.58140     59.960   60.070   59.850 n93n           31.91
    25.00        51.11878     50.900   51.090   50.710 n93n            1.33
    50.00        38.91136     40.540   40.820   40.260 n93n           33.83
   100.00        19.13096     26.780   27.160   26.400 n93n          405.18
   150.00         1.40310     16.940   17.350   16.530 n93n         1436.02
   200.00       -15.73571      8.940    9.330    8.550 n93n         4003.23
   250.00       -32.78163      1.960    2.330    1.590 n93n         8816.52
   300.00       -49.89572     -4.460   -4.030   -4.890 n93n        11164.98
   350.00       -67.06494    -10.590   -9.970  -11.210 n93n         8297.14
   400.00       -84.15776      0.000    0.000    0.000                 0.00
   600.00        34.14163      0.000    0.000    0.000                 0.00
   800.00         3.10754      0.000    0.000    0.000                 0.00
  1000.00         0.01711      0.000    0.000    0.000                 0.00
