     0.01        14.55485      0.000    0.000    0.000                 0.00
     0.02        20.09370      0.000    0.000    0.000                 0.00
     0.03        24.05525      0.000    0.000    0.000                 0.00
     1.00        62.22716     62.068   62.098   62.038 n93n           28.15
     5.00        63.93688     63.630   63.710   63.550 n93n           14.71
    10.00        60.24990     59.960   60.070   59.850 n93n            6.95
    25.00        50.59051     50.900   51.090   50.710 n93n            2.65
    50.00        38.20417     40.540   40.820   40.260 n93n           69.59
   100.00        18.29917     26.780   27.160   26.400 n93n          498.09
   150.00         0.59860     16.940   17.350   16.530 n93n         1588.59
   200.00       -16.43272      8.940    9.330    8.550 n93n         4232.58
   250.00       -33.32544      1.960    2.330    1.590 n93n         9094.68
   300.00       -50.26159     -4.460   -4.030   -4.890 n93n        11345.52
   350.00       -67.24310    -10.590   -9.970  -11.210 n93n         8349.57
   400.00       -84.15055      0.000    0.000    0.000                 0.00
   600.00        34.64150      0.000    0.000    0.000                 0.00
   800.00         3.31867      0.000    0.000    0.000                 0.00
  1000.00         0.02071      0.000    0.000    0.000                 0.00
