     0.01        14.55529      0.000    0.000    0.000                 0.00
     0.02        20.09618      0.000    0.000    0.000                 0.00
     0.03        24.06029      0.000    0.000    0.000                 0.00
     1.00        62.40937     62.068   62.098   62.038 n93n          129.48
     5.00        64.40188     63.630   63.710   63.550 n93n           93.09
    10.00        60.93042     59.960   60.070   59.850 n93n           77.83
    25.00        51.69557     50.900   51.090   50.710 n93n           17.53
    50.00        39.73657     40.540   40.820   40.260 n93n            8.23
   100.00        20.25879     26.780   27.160   26.400 n93n          294.50
   150.00         2.70852     16.940   17.350   16.530 n93n         1204.85
   200.00       -14.32358      8.940    9.330    8.550 n93n         3558.15
   250.00       -31.31130      1.960    2.330    1.590 n93n         8086.05
   300.00       -48.40452     -4.460   -4.030   -4.890 n93n        10444.14
   350.00       -65.58447    -10.590   -9.970  -11.210 n93n         7867.83
   400.00       -82.71707      0.000    0.000    0.000                 0.00
   600.00        35.12507      0.000    0.000    0.000                 0.00
   800.00         3.31377      0.000    0.000    0.000                 0.00
  1000.00         0.01933      0.000    0.000    0.000                 0.00
