     0.01        14.55242      0.000    0.000    0.000                 0.00
     0.02        20.08892      0.000    0.000    0.000                 0.00
     0.03        24.04795      0.000    0.000    0.000                 0.00
     1.00        62.07427     62.068   62.098   62.038 n93n            0.04
     5.00        63.55188     63.630   63.710   63.550 n93n            0.95
    10.00        59.68675     59.960   60.070   59.850 n93n            6.17
    25.00        49.67243     50.900   51.090   50.710 n93n           41.74
    50.00        36.91924     40.540   40.820   40.260 n93n          167.22
   100.00        16.62530     26.780   27.160   26.400 n93n          714.11
   150.00        -1.23233     16.940   17.350   16.530 n93n         1964.51
   200.00       -18.28521      8.940    9.330    8.550 n93n         4873.19
   250.00       -35.10808      1.960    2.330    1.590 n93n        10036.83
   300.00       -51.90906     -4.460   -4.030   -4.890 n93n        12176.38
   350.00       -68.70798    -10.590   -9.970  -11.210 n93n         8786.94
   400.00       -85.39936      0.000    0.000    0.000                 0.00
   600.00        34.34200      0.000    0.000    0.000                 0.00
   800.00         3.40533      0.000    0.000    0.000                 0.00
  1000.00         0.02459      0.000    0.000    0.000                 0.00


