     0.01        14.55190      0.000    0.000    0.000                 0.00
     0.02        20.08844      0.000    0.000    0.000                 0.00
     0.03        24.04764      0.000    0.000    0.000                 0.00
     1.00        62.09416     62.068   62.098   62.038 n93n            0.76
     5.00        63.60286     63.630   63.710   63.550 n93n            0.12
    10.00        59.75931     59.960   60.070   59.850 n93n            3.33
    25.00        49.77906     50.900   51.090   50.710 n93n           34.81
    50.00        37.03915     40.540   40.820   40.260 n93n          156.33
   100.00        16.69629     26.780   27.160   26.400 n93n          704.16
   150.00        -1.26323     16.940   17.350   16.530 n93n         1971.19
   200.00       -18.44637      8.940    9.330    8.550 n93n         4931.05
   250.00       -35.41382      1.960    2.330    1.590 n93n        10203.09
   300.00       -52.36344     -4.460   -4.030   -4.890 n93n        12410.71
   350.00       -69.30628    -10.590   -9.970  -11.210 n93n         8968.78
   400.00       -86.12835      0.000    0.000    0.000                 0.00
   600.00        33.41692      0.000    0.000    0.000                 0.00
   800.00         3.09874      0.000    0.000    0.000                 0.00
  1000.00         0.01877      0.000    0.000    0.000                 0.00
