     0.01        14.55239      0.000    0.000    0.000                 0.00
     0.02        20.08878      0.000    0.000    0.000                 0.00
     0.03        24.04768      0.000    0.000    0.000                 0.00
     1.00        62.06529     62.068   62.098   62.038 n93n            0.01
     5.00        63.52849     63.630   63.710   63.550 n93n            1.61
    10.00        59.65153     59.960   60.070   59.850 n93n            7.86
    25.00        49.61012     50.900   51.090   50.710 n93n           46.09
    50.00        36.82035     40.540   40.820   40.260 n93n          176.48
   100.00        16.46394     26.780   27.160   26.400 n93n          736.99
   150.00        -1.44784     16.940   17.350   16.530 n93n         2011.38
   200.00       -18.54700      8.940    9.330    8.550 n93n         4967.36
   250.00       -35.40736      1.960    2.330    1.590 n93n        10199.56
   300.00       -52.23589     -4.460   -4.030   -4.890 n93n        12344.70
   350.00       -69.05131    -10.590   -9.970  -11.210 n93n         8891.06
   400.00       -85.74717      0.000    0.000    0.000                 0.00
   600.00        34.10512      0.000    0.000    0.000                 0.00
   800.00         3.37233      0.000    0.000    0.000                 0.00
  1000.00         0.02494      0.000    0.000    0.000                 0.00
