     0.01        14.54403      0.000    0.000    0.000                 0.00
     0.02        20.06584      0.000    0.000    0.000                 0.00
     0.03        24.00765      0.000    0.000    0.000                 0.00
     1.00        60.92919     62.068   62.098   62.038 n93n         1440.99
     5.00        60.64622     63.630   63.710   63.550 n93n         1391.08
    10.00        55.42821     59.960   60.070   59.850 n93n         1697.28
    25.00        42.67750     50.900   51.090   50.710 n93n         1872.84
    50.00        26.98489     40.540   40.820   40.260 n93n         2343.64
   100.00         3.52294     26.780   27.160   26.400 n93n         3745.78
   150.00       -14.63741     16.940   17.350   16.530 n93n         5931.79
   200.00       -26.67243      8.940    9.330    8.550 n93n         8338.23
   250.00       -10.01893      1.960    2.330    1.590 n93n         1048.17
   300.00        66.48673     -4.460   -4.030   -4.890 n93n        27222.49
   350.00        67.14270    -10.590   -9.970  -11.210 n93n        15718.97
   400.00        55.91763      0.000    0.000    0.000                 0.00
   600.00        11.19141      0.000    0.000    0.000                 0.00
   800.00        -0.04151      0.000    0.000    0.000                 0.00
  1000.00        -0.00259      0.000    0.000    0.000                 0.00
