     0.01        14.55020      0.000    0.000    0.000                 0.00
     0.02        20.08394      0.000    0.000    0.000                 0.00
     0.03        24.03988      0.000    0.000    0.000                 0.00
     1.00        61.87689     62.068   62.098   62.038 n93n           40.58
     5.00        63.05164     63.630   63.710   63.550 n93n           52.27
    10.00        58.95253     59.960   60.070   59.850 n93n           83.88
    25.00        48.46317     50.900   51.090   50.710 n93n          164.49
    50.00        35.19567     40.540   40.820   40.260 n93n          364.31
   100.00        14.29447     26.780   27.160   26.400 n93n         1079.56
   150.00        -3.87657     16.940   17.350   16.530 n93n         2577.81
   200.00       -21.05425      8.940    9.330    8.550 n93n         5914.89
   250.00       -37.85756      1.960    2.330    1.590 n93n        11581.00
   300.00       -54.51917     -4.460   -4.030   -4.890 n93n        13552.84
   350.00       -71.07559    -10.590   -9.970  -11.210 n93n         9517.45
   400.00       -87.43534      0.000    0.000    0.000                 0.00
   600.00        34.14672      0.000    0.000    0.000                 0.00
   800.00         4.01851      0.000    0.000    0.000                 0.00
  1000.00        -1.42145      0.000    0.000    0.000                 0.00
