     0.01        14.55000      0.000    0.000    0.000                 0.00
     0.02        20.08317      0.000    0.000    0.000                 0.00
     0.03        24.03841      0.000    0.000    0.000                 0.00
     1.00        61.82859     62.068   62.098   62.038 n93n           63.69
     5.00        62.92852     63.630   63.710   63.550 n93n           76.89
    10.00        58.77194     59.960   60.070   59.850 n93n          116.65
    25.00        48.16675     50.900   51.090   50.710 n93n          206.94
    50.00        34.77571     40.540   40.820   40.260 n93n          423.81
   100.00        13.73517     26.780   27.160   26.400 n93n         1178.45
   150.00        -4.49648     16.940   17.350   16.530 n93n         2733.63
   200.00       -21.68040      8.940    9.330    8.550 n93n         6164.42
   250.00       -38.44472      1.960    2.330    1.590 n93n        11925.07
   300.00       -55.02637     -4.460   -4.030   -4.890 n93n        13828.87
   350.00       -71.46426    -10.590   -9.970  -11.210 n93n         9640.15
   400.00       -87.66893      0.000    0.000    0.000                 0.00
   600.00        34.79090      0.000    0.000    0.000                 0.00
   800.00         5.13713      0.000    0.000    0.000                 0.00
  1000.00        -0.02076      0.000    0.000    0.000                 0.00
