     0.01        14.54509      0.000    0.000    0.000                 0$
     0.02        20.06663      0.000    0.000    0.000                 0$
     0.03        24.00785      0.000    0.000    0.000                 0$
     1.00        60.87248     62.068   62.098   62.038 n93n         1588$
     5.00        60.49484     63.630   63.710   63.550 n93n         1535$
    10.00        55.19807     59.960   60.070   59.850 n93n         1874$
    25.00        42.25504     50.900   51.090   50.710 n93n         2070$
    50.00        26.24745     40.540   40.820   40.260 n93n         2605$
   100.00         1.90145     26.780   27.160   26.400 n93n         4286$
   150.00       -18.09144     16.940   17.350   16.530 n93n         7300$
   200.00       -35.47375      8.940    9.330    8.550 n93n        12968$
   250.00       -49.69149      1.960    2.330    1.590 n93n        19487$
   300.00       -54.81007     -4.460   -4.030   -4.890 n93n        13710$
   350.00         2.16801    -10.590   -9.970  -11.210 n93n          423$
   400.00        43.05150      0.000    0.000    0.000                 0$
   600.00        10.46222      0.000    0.000    0.000                 0$
   800.00        -0.06207      0.000    0.000    0.000                 0$
  1000.00        -0.00261      0.000    0.000    0.000                 0$

