     0.01        14.56106      0.000    0.000    0.000                 0.00
     0.02        20.11079      0.000    0.000    0.000                 0.00
     0.03        24.08513      0.000    0.000    0.000                 0.00
     1.00        63.10450     62.068   62.098   62.038 n93n         1193.70
     5.00        66.36005     63.630   63.710   63.550 n93n         1164.56
    10.00        64.17694     59.960   60.070   59.850 n93n         1469.63
    25.00        59.18701     50.900   51.090   50.710 n93n         1902.34
    50.00        57.53200     40.540   40.820   40.260 n93n         3682.76
   100.00        77.52988     26.780   27.160   26.400 n93n        17836.22
   150.00       -78.87804     16.940   17.350   16.530 n93n        54616.88
   200.00       -76.73590      8.940    9.330    8.550 n93n        48260.09
   250.00       -84.44479      1.960    2.330    1.590 n93n        54534.60
   300.00        84.21763     -4.460   -4.030   -4.890 n93n        42529.60
   350.00        71.46880    -10.590   -9.970  -11.210 n93n        17517.29
   400.00        58.34467      0.000    0.000    0.000                 0.00
   600.00        14.42939      0.000    0.000    0.000                 0.00
   800.00         0.51852      0.000    0.000    0.000                 0.00
  1000.00         0.00064      0.000    0.000    0.000                 0.00
