     0.01        14.55247      0.000    0.000    0.000                 0.00
     0.02        20.09049      0.000    0.000    0.000                 0.00
     0.03        24.05149      0.000    0.000    0.000                 0.00
     1.00        62.21811     62.068   62.098   62.038 n93n           25.03
     5.00        63.91933     63.630   63.710   63.550 n93n           13.08
    10.00        60.22424     59.960   60.070   59.850 n93n            5.77
    25.00        50.54440     50.900   51.090   50.710 n93n            3.50
    50.00        38.12739     40.540   40.820   40.260 n93n           74.24
   100.00        18.16414     26.780   27.160   26.400 n93n          514.08
   150.00         0.40840     16.940   17.350   16.530 n93n         1625.78
   200.00       -16.67366      8.940    9.330    8.550 n93n         4313.34
   250.00       -33.61112      1.960    2.330    1.590 n93n         9242.55
   300.00       -50.58464     -4.460   -4.030   -4.890 n93n        11506.12
   350.00       -67.59478    -10.590   -9.970  -11.210 n93n         8453.55
   400.00       -84.52079      0.000    0.000    0.000                 0.00
   600.00        34.32652      0.000    0.000    0.000                 0.00
   800.00         3.24278      0.000    0.000    0.000                 0.00
  1000.00         0.01976      0.000    0.000    0.000                 0.00
