     0.01        14.55377      0.000    0.000    0.000                 0.00
     0.02        20.09125      0.000    0.000    0.000                 0.00
     0.03        24.05127      0.000    0.000    0.000                 0.00
     1.00        62.12852     62.068   62.098   62.038 n93n            4.07
     5.00        63.68671     63.630   63.710   63.550 n93n            0.50
    10.00        59.88280     59.960   60.070   59.850 n93n            0.49
    25.00        49.98732     50.900   51.090   50.710 n93n           23.07
    50.00        37.34918     40.540   40.820   40.260 n93n          129.86
   100.00        17.15532     26.780   27.160   26.400 n93n          641.51
   150.00        -0.68968     16.940   17.350   16.530 n93n         1848.93
   200.00       -17.77937      8.940    9.330    8.550 n93n         4693.79
   250.00       -34.67007      1.960    2.330    1.590 n93n         9801.04
   300.00       -51.55839     -4.460   -4.030   -4.890 n93n        11997.07
   350.00       -68.45577    -10.590   -9.970  -11.210 n93n         8710.84
   400.00       -85.24985      0.000    0.000    0.000                 0.00
   600.00        34.16618      0.000    0.000    0.000                 0.00
   800.00         3.29798      0.000    0.000    0.000                 0.00
  1000.00         0.02191      0.000    0.000    0.000                 0.00
