     0.01        14.54605      0.000    0.000    0.000                 0.00
     0.02        20.07314      0.000    0.000    0.000                 0.00
     0.03        24.02135      0.000    0.000    0.000                 0.00
     1.00        61.36796     62.068   62.098   62.038 n93n          544.50
     5.00        61.76298     63.630   63.710   63.550 n93n          544.65
    10.00        57.06805     59.960   60.070   59.850 n93n          691.19
    25.00        45.39135     50.900   51.090   50.710 n93n          840.59
    50.00        30.89880     40.540   40.820   40.260 n93n         1185.62
   100.00         8.83320     26.780   27.160   26.400 n93n         2230.52
   150.00        -9.27847     16.940   17.350   16.530 n93n         4089.28
   200.00       -24.98901      8.940    9.330    8.550 n93n         7568.56
   250.00       -37.93121      1.960    2.330    1.590 n93n        11623.87
   300.00       -44.87291     -4.460   -4.030   -4.890 n93n         8832.90
   350.00       -29.49052    -10.590   -9.970  -11.210 n93n          929.32
   400.00        24.00730      0.000    0.000    0.000                 0.00
   600.00        15.59171      0.000    0.000    0.000                 0.00
   800.00         0.73901      0.000    0.000    0.000                 0.00
  1000.00         0.00168      0.000    0.000    0.000                 0.00

