     0.01        14.55014      0.000    0.000    0.000                 0.00
     0.02        20.08049      0.000    0.000    0.000                 0.00
     0.03        24.03205      0.000    0.000    0.000                 0.00
     1.00        61.55798     62.068   62.098   62.038 n93n          289.02
     5.00        62.23555     63.630   63.710   63.550 n93n          303.83
    10.00        57.75448     59.960   60.070   59.850 n93n          402.01
    25.00        46.49184     50.900   51.090   50.710 n93n          538.28
    50.00        32.38884     40.540   40.820   40.260 n93n          847.47
   100.00        10.51777     26.780   27.160   26.400 n93n         1831.44
   150.00        -8.09411     16.940   17.350   16.530 n93n         3728.18
   200.00       -25.31177      8.940    9.330    8.550 n93n         7713.24
   250.00       -41.76923      1.960    2.330    1.590 n93n        13968.19
   300.00       -57.65660     -4.460   -4.030   -4.890 n93n        15304.91
   350.00       -72.90754    -10.590   -9.970  -11.210 n93n        10102.69
   400.00       -87.22577      0.000    0.000    0.000                 0.00
   600.00       -77.12049      0.000    0.000    0.000                 0.00
   800.00         0.40027      0.000    0.000    0.000                 0.00
  1000.00         0.00201      0.000    0.000    0.000                 0.00
