     0.01        14.54727      0.000    0.000    0.000                 0.00
     0.02        20.07560      0.000    0.000    0.000                 0.00
     0.03        24.02516      0.000    0.000    0.000                 0.00
     1.00        61.45052     62.068   62.098   62.038 n93n          423.65
     5.00        61.97495     63.630   63.710   63.550 n93n          428.00
    10.00        57.38630     59.960   60.070   59.850 n93n          547.43
    25.00        45.95703     50.900   51.090   50.710 n93n          676.81
    50.00        31.82851     40.540   40.820   40.260 n93n          967.98
   100.00        10.58844     26.780   27.160   26.400 n93n         1815.56
   150.00        -6.27087     16.940   17.350   16.530 n93n         3204.90
   200.00       -19.64227      8.940    9.330    8.550 n93n         5371.11
   250.00       -26.99851      1.960    2.330    1.590 n93n         6125.61
   300.00       -15.68630     -4.460   -4.030   -4.890 n93n          681.61
   350.00        29.94810    -10.590   -9.970  -11.210 n93n         4275.07
   400.00        45.85312      0.000    0.000    0.000                 0.00
   600.00        15.72011      0.000    0.000    0.000                 0.00
   800.00         0.71732      0.000    0.000    0.000                 0.00
  1000.00         0.00156      0.000    0.000    0.000                 0.00
