     0.01        14.55172      0.000    0.000    0.000                 0.00
     0.02        20.08803      0.000    0.000    0.000                 0.00
     0.03        24.04699      0.000    0.000    0.000                 0.00
     1.00        62.07789     62.068   62.098   62.038 n93n            0.11
     5.00        63.56163     63.630   63.710   63.550 n93n            0.73
    10.00        59.69884     59.960   60.070   59.850 n93n            5.64
    25.00        49.67978     50.900   51.090   50.710 n93n           41.25
    50.00        36.89844     40.540   40.820   40.260 n93n          169.14
   100.00        16.50772     26.780   27.160   26.400 n93n          730.75
   150.00        -1.47637     16.940   17.350   16.530 n93n         2017.63
   200.00       -18.67037      8.940    9.330    8.550 n93n         5012.05
   250.00       -35.63917      1.960    2.330    1.590 n93n        10326.50
   300.00       -52.58296     -4.460   -4.030   -4.890 n93n        12524.71
   350.00       -69.51428    -10.590   -9.970  -11.210 n93n         9032.44
   400.00       -86.32021      0.000    0.000    0.000                 0.00
   600.00        33.32040      0.000    0.000    0.000                 0.00
   800.00         3.08740      0.000    0.000    0.000                 0.00
  1000.00         0.01877      0.000    0.000    0.000                 0.00
