     0.01        14.54568      0.000    0.000    0.000                 0.00
     0.02        20.07149      0.000    0.000    0.000                 0.00
     0.03        24.01813      0.000    0.000    0.000                 0.00
     1.00        61.25757     62.068   62.098   62.038 n93n          729.77
     5.00        61.47726     63.630   63.710   63.550 n93n          724.11
    10.00        56.64032     59.960   60.070   59.850 n93n          910.76
    25.00        44.64046     50.900   51.090   50.710 n93n         1085.37
    50.00        29.69339     40.540   40.820   40.260 n93n         1500.62
   100.00         6.68734     26.780   27.160   26.400 n93n         2795.81
   150.00       -12.66298     16.940   17.350   16.530 n93n         5213.18
   200.00       -30.29838      8.940    9.330    8.550 n93n        10122.62
   250.00       -46.78296      1.960    2.330    1.590 n93n        17354.83
   300.00       -62.05204     -4.460   -4.030   -4.890 n93n        17938.58
   350.00       -75.27386    -10.590   -9.970  -11.210 n93n        10884.50
   400.00       -83.14290      0.000    0.000    0.000                 0.00
   600.00        14.33488      0.000    0.000    0.000                 0.00
   800.00         0.77061      0.000    0.000    0.000                 0.00
  1000.00         0.00189      0.000    0.000    0.000                 0.00
