     0.01        14.55156      0.000    0.000    0.000                 0.00
     0.02        20.08804      0.000    0.000    0.000                 0.00
     0.03        24.04723      0.000    0.000    0.000                 0.00
     1.00        62.09774     62.068   62.098   62.038 n93n            0.98
     5.00        63.61360     63.630   63.710   63.550 n93n            0.04
    10.00        59.77647     59.960   60.070   59.850 n93n            2.78
    25.00        49.81359     50.900   51.090   50.710 n93n           32.70
    50.00        37.10341     40.540   40.820   40.260 n93n          150.64
   100.00        16.82670     26.780   27.160   26.400 n93n          686.07
   150.00        -1.06000     16.940   17.350   16.530 n93n         1927.42
   200.00       -18.16684      8.940    9.330    8.550 n93n         4830.91
   250.00       -35.05749      1.960    2.330    1.590 n93n        10009.46
   300.00       -51.93268     -4.460   -4.030   -4.890 n93n        12188.51
   350.00       -68.80658    -10.590   -9.970  -11.210 n93n         8816.78
   400.00       -85.56880      0.000    0.000    0.000                 0.00
   600.00        34.02484      0.000    0.000    0.000                 0.00
   800.00         3.29048      0.000    0.000    0.000                 0.00
  1000.00         0.02227      0.000    0.000    0.000                 0.00

