     0.01        14.54392      0.000    0.000    0.000                 0.00
     0.02        20.06944      0.000    0.000    0.000                 0.00
     0.03        24.01610      0.000    0.000    0.000                 0.00
     1.00        61.28220     62.068   62.098   62.038 n93n          686.09
     5.00        61.54465     63.630   63.710   63.550 n93n          679.48
    10.00        56.73982     59.960   60.070   59.850 n93n          856.99
    25.00        44.80389     50.900   51.090   50.710 n93n         1029.43
    50.00        29.92292     40.540   40.820   40.260 n93n         1437.79
   100.00         6.97299     26.780   27.160   26.400 n93n         2716.88
   150.00       -12.41356     16.940   17.350   16.530 n93n         5125.71
   200.00       -30.21953      8.940    9.330    8.550 n93n        10081.98
   250.00       -47.11783      1.960    2.330    1.590 n93n        17594.11
   300.00       -63.30835     -4.460   -4.030   -4.890 n93n        18729.73
   350.00       -78.71505    -10.590   -9.970  -11.210 n93n        12073.42
   400.00        86.99395      0.000    0.000    0.000                 0.00
   600.00       -50.12795      0.000    0.000    0.000                 0.00
   800.00         0.30307      0.000    0.000    0.000                 0.00
  1000.00         0.00084      0.000    0.000    0.000                 0.00
