     0.01        14.54755      0.000    0.000    0.000                 0.00
     0.02        20.07708      0.000    0.000    0.000                 0.00
     0.03        24.02815      0.000    0.000    0.000                 0.00
     1.00        61.55582     62.068   62.098   62.038 n93n          291.47
     5.00        62.23555     63.630   63.710   63.550 n93n          303.83
    10.00        57.75343     59.960   60.070   59.850 n93n          402.39
    25.00        46.47935     50.900   51.090   50.710 n93n          541.33
    50.00        32.33889     40.540   40.820   40.260 n93n          857.88
   100.00        10.33345     26.780   27.160   26.400 n93n         1873.19
   150.00        -8.49904     16.940   17.350   16.530 n93n         3849.76
   200.00       -26.04631      8.940    9.330    8.550 n93n         8047.61
   250.00       -42.98118      1.960    2.330    1.590 n93n        14753.17
   300.00       -59.55727     -4.460   -4.030   -4.890 n93n        16418.11
   350.00       -75.81677    -10.590   -9.970  -11.210 n93n        11067.98
   400.00        88.33421      0.000    0.000    0.000                 0.00
   600.00        34.19340      0.000    0.000    0.000                 0.00
   800.00       -33.78944      0.000    0.000    0.000                 0.00
  1000.00        -0.00220      0.000    0.000    0.000                 0.00
