     0.01        14.54531      0.000    0.000    0.000                 0.00
     0.02        20.07137      0.000    0.000    0.000                 0.00
     0.03        24.01842      0.000    0.000    0.000                 0.00
     1.00        61.29274     62.068   62.098   62.038 n93n          667.82
     5.00        61.56876     63.630   63.710   63.550 n93n          663.86
    10.00        56.77601     59.960   60.070   59.850 n93n          837.84
    25.00        44.87075     50.900   51.090   50.710 n93n         1006.98
    50.00        30.04051     40.540   40.820   40.260 n93n         1406.11
   100.00         7.21778     26.780   27.160   26.400 n93n         2650.14
   150.00       -11.98024     16.940   17.350   16.530 n93n         4975.49
   200.00       -29.49405      8.940    9.330    8.550 n93n         9711.87
   250.00       -45.91992      1.960    2.330    1.590 n93n        16745.71
   300.00       -61.29969     -4.460   -4.030   -4.890 n93n        17472.96
   350.00       -75.18113    -10.590   -9.970  -11.210 n93n        10853.31
   400.00       -86.12845      0.000    0.000    0.000                 0.00
   600.00         8.25740      0.000    0.000    0.000                 0.00
   800.00         0.59314      0.000    0.000    0.000                 0.00
  1000.00         0.00139      0.000    0.000    0.000                 0.00
