     0.01        14.55319      0.000    0.000    0.000                 0.00
     0.02        20.08992      0.000    0.000    0.000                 0.00
     0.03        24.04908      0.000    0.000    0.000                 0.00
     1.00        62.07417     62.068   62.098   62.038 n93n            0.04
     5.00        63.54852     63.630   63.710   63.550 n93n            1.04
    10.00        59.67937     59.960   60.070   59.850 n93n            6.51
    25.00        49.64949     50.900   51.090   50.710 n93n           43.32
    50.00        36.86110     40.540   40.820   40.260 n93n          172.63
   100.00        16.47469     26.780   27.160   26.400 n93n          735.45
   150.00        -1.49189     16.940   17.350   16.530 n93n         2021.03
   200.00       -18.66070      8.940    9.330    8.550 n93n         5008.54
   250.00       -35.59967      1.960    2.330    1.590 n93n        10304.81
   300.00       -52.51119     -4.460   -4.030   -4.890 n93n        12487.38
   350.00       -69.40971    -10.590   -9.970  -11.210 n93n         9000.41
   400.00       -86.18425      0.000    0.000    0.000                 0.00
   600.00        33.51970      0.000    0.000    0.000                 0.00
   800.00         3.15818      0.000    0.000    0.000                 0.00
  1000.00         0.02010      0.000    0.000    0.000                 0.00
