     0.01        14.55005      0.000    0.000    0.000                 0.00
     0.02        20.08429      0.000    0.000    0.000                 0.00
     0.03        24.04092      0.000    0.000    0.000                 0.00
     1.00        61.92963     62.068   62.098   62.038 n93n           21.27
     5.00        63.18686     63.630   63.710   63.550 n93n           30.68
    10.00        59.15066     59.960   60.070   59.850 n93n           54.14
    25.00        48.78646     50.900   51.090   50.710 n93n          123.74
    50.00        35.64843     40.540   40.820   40.260 n93n          305.20
   100.00        14.88186     26.780   27.160   26.400 n93n          980.37
   150.00        -3.24479     16.940   17.350   16.530 n93n         2423.71
   200.00       -20.43829      8.940    9.330    8.550 n93n         5674.45
   250.00       -37.30468      1.960    2.330    1.590 n93n        11261.62
   300.00       -54.06901     -4.460   -4.030   -4.890 n93n        13310.19
   350.00       -70.76201    -10.590   -9.970  -11.210 n93n         9419.02
   400.00       -87.28648      0.000    0.000    0.000                 0.00
   600.00        33.54846      0.000    0.000    0.000                 0.00
   800.00         3.44764      0.000    0.000    0.000                 0.00
  1000.00         0.03463      0.000    0.000    0.000                 0.00
