     0.01        14.55447      0.000    0.000    0.000                 0.00
     0.02        20.09277      0.000    0.000    0.000                 0.00
     0.03        24.05369      0.000    0.000    0.000                 0.00
     1.00        62.18572     62.068   62.098   62.038 n93n           15.40
     5.00        63.83178     63.630   63.710   63.550 n93n            6.36
    10.00        60.09603     59.960   60.070   59.850 n93n            1.53
    25.00        50.33962     50.900   51.090   50.710 n93n            8.70
    50.00        37.85329     40.540   40.820   40.260 n93n           92.07
   100.00        17.84259     26.780   27.160   26.400 n93n          553.17
   150.00         0.09890     16.940   17.350   16.530 n93n         1687.23
   200.00       -16.93978      8.940    9.330    8.550 n93n         4403.44
   250.00       -33.81630      1.960    2.330    1.590 n93n         9349.48
   300.00       -50.71976     -4.460   -4.030   -4.890 n93n        11573.64
   350.00       -67.65679    -10.590   -9.970  -11.210 n93n         8471.95
   400.00       -84.51146      0.000    0.000    0.000                 0.00
   600.00        34.51837      0.000    0.000    0.000                 0.00
   800.00         3.32249      0.000    0.000    0.000                 0.00
  1000.00         0.02120      0.000    0.000    0.000                 0.00
