     0.01        14.55309      0.000    0.000    0.000                 0.00
     0.02        20.09415      0.000    0.000    0.000                 0.00
     0.03        24.05896      0.000    0.000    0.000                 0.00
     1.00        62.49101     62.068   62.098   62.038 n93n          198.82
     5.00        64.62177     63.630   63.710   63.550 n93n          153.69
    10.00        61.26290     59.960   60.070   59.850 n93n          140.29
    25.00        52.28310     50.900   51.090   50.710 n93n           52.99
    50.00        40.66128     40.540   40.820   40.260 n93n            0.19
   100.00        21.73623     26.780   27.160   26.400 n93n          176.17
   150.00         4.64431     16.940   17.350   16.530 n93n          899.37
   200.00       -12.00721      8.940    9.330    8.550 n93n         2884.85
   250.00       -28.68940      1.960    2.330    1.590 n93n         6861.84
   300.00       -45.55281     -4.460   -4.030   -4.890 n93n         9132.61
   350.00       -62.58100    -10.590   -9.970  -11.210 n93n         7031.90
   400.00       -79.64353      0.000    0.000    0.000                 0.00
   600.00        37.54830      0.000    0.000    0.000                 0.00
   800.00         3.88797      0.000    0.000    0.000                 0.00
  1000.00         0.02640      0.000    0.000    0.000                 0.00
