     0.01        14.55462      0.000    0.000    0.000                 0.00
     0.02        20.09552      0.000    0.000    0.000                 0.00
     0.03        24.05979      0.000    0.000    0.000                 0.00
     1.00        62.43078     62.068   62.098   62.038 n93n          146.23
     5.00        64.46331     63.630   63.710   63.550 n93n          108.50
    10.00        61.02968     59.960   60.070   59.850 n93n           94.56
    25.00        51.90148     50.900   51.090   50.710 n93n           27.78
    50.00        40.12772     40.540   40.820   40.260 n93n            2.17
   100.00        21.04454     26.780   27.160   26.400 n93n          227.81
   150.00         3.88931     16.940   17.350   16.530 n93n         1013.21
   200.00       -12.77371      8.940    9.330    8.550 n93n         3099.84
   250.00       -29.43516      1.960    2.330    1.590 n93n         7199.82
   300.00       -46.25664     -4.460   -4.030   -4.890 n93n         9448.13
   350.00       -63.22860    -10.590   -9.970  -11.210 n93n         7208.17
   400.00       -80.22521      0.000    0.000    0.000                 0.00
   600.00        37.27210      0.000    0.000    0.000                 0.00
   800.00         3.85074      0.000    0.000    0.000                 0.00
  1000.00         0.02624      0.000    0.000    0.000                 0.00
