     0.01        14.55403      0.000    0.000    0.000                 0.00
     0.02        20.09364      0.000    0.000    0.000                 0.00
     0.03        24.05638      0.000    0.000    0.000                 0.00
     1.00        62.32522     62.068   62.098   62.038 n93n           73.52
     5.00        64.19152     63.630   63.710   63.550 n93n           49.27
    10.00        60.62607     59.960   60.070   59.850 n93n           36.66
    25.00        51.21668     50.900   51.090   50.710 n93n            2.78
    50.00        39.10748     40.540   40.820   40.260 n93n           26.18
   100.00        19.54413     26.780   27.160   26.400 n93n          362.59
   150.00         2.03636     16.940   17.350   16.530 n93n         1321.35
   200.00       -14.89734      8.940    9.330    8.550 n93n         3735.83
   250.00       -31.76411      1.960    2.330    1.590 n93n         8307.64
   300.00       -48.73226     -4.460   -4.030   -4.890 n93n        10600.50
   350.00       -65.79413    -10.590   -9.970  -11.210 n93n         7927.93
   400.00       -82.82259      0.000    0.000    0.000                 0.00
   600.00        35.23179      0.000    0.000    0.000                 0.00
   800.00         3.34700      0.000    0.000    0.000                 0.00
  1000.00         0.01956      0.000    0.000    0.000                 0.00
