     0.01        14.56011      0.000    0.000    0.000                 0.00
     0.02        20.10894      0.000    0.000    0.000                 0.00
     0.03        24.08232      0.000    0.000    0.000                 0.00
     1.00        63.03828     62.068   62.098   62.038 n93n         1046.05
     5.00        66.09733     63.630   63.710   63.550 n93n          951.21
    10.00        63.57657     59.960   60.070   59.850 n93n         1080.96
    25.00        56.67941     50.900   51.090   50.710 n93n          925.25
    50.00        47.81994     40.540   40.820   40.260 n93n          675.99
   100.00        32.40958     26.780   27.160   26.400 n93n          219.47
   150.00        16.91613     16.940   17.350   16.530 n93n            0.00
   200.00         0.68705      8.940    9.330    8.550 n93n          447.80
   250.00       -16.27817      1.960    2.330    1.590 n93n         2429.74
   300.00       -33.85033     -4.460   -4.030   -4.890 n93n         4671.67
   350.00       -51.84644    -10.590   -9.970  -11.210 n93n         4427.92
   400.00       -70.03481      0.000    0.000    0.000                 0.00
   500.00        74.23134      0.000    0.000    0.000                 0.00
   600.00        42.09622      0.000    0.000    0.000                 0.00
   800.00         4.51911      0.000    0.000    0.000                 0.00
  1000.00         0.02934      0.000    0.000    0.000                 0.00
