     0.01        14.58164      0.000    0.000    0.000                 0.00
     0.02        20.16431      0.000    0.000    0.000                 0.00
     0.03        24.17700      0.000    0.000    0.000                 0.00
     1.00        65.69022     62.068   62.098   62.038 n93n        14578.32
     5.00        72.83850     63.630   63.710   63.550 n93n        13249.43
    10.00        73.35376     59.960   60.070   59.850 n93n        14825.86
    25.00        71.72487     50.900   51.090   50.710 n93n        12013.17
    50.00        66.30044     40.540   40.820   40.260 n93n         8464.29
   100.00        51.06519     26.780   27.160   26.400 n93n         4084.28
   150.00        33.55234     16.940   17.350   16.530 n93n         1641.70
   200.00        15.10141      8.940    9.330    8.550 n93n          249.59
   250.00        -3.89788      1.960    2.330    1.590 n93n          250.66
   300.00       -23.26580     -4.460   -4.030   -4.890 n93n         1912.70
   350.00       -42.84431    -10.590   -9.970  -11.210 n93n         2706.40
   400.00       -62.43872      0.000    0.000    0.000                 0.00
   500.00        79.41793      0.000    0.000    0.000                 0.00
   600.00        45.27283      0.000    0.000    0.000                 0.00
   800.00         4.97318      0.000    0.000    0.000                 0.00
  1000.00         0.03214      0.000    0.000    0.000                 0.00
