     0.01        14.55847      0.000    0.000    0.000                 0.00
     0.02        20.10450      0.000    0.000    0.000                 0.00
     0.03        24.07458      0.000    0.000    0.000                 0.00
     1.00        62.81517     62.068   62.098   62.038 n93n          620.30
     5.00        65.51258     63.630   63.710   63.550 n93n          553.77
    10.00        62.69059     59.960   60.070   59.850 n93n          616.21
    25.00        55.10915     50.900   51.090   50.710 n93n          490.77
    50.00        45.39810     40.540   40.820   40.260 n93n          301.03
   100.00        28.86134     26.780   27.160   26.400 n93n           30.00
   150.00        12.71228     16.940   17.350   16.530 n93n          106.33
   200.00        -3.89263      8.940    9.330    8.550 n93n         1082.69
   250.00       -21.05417      1.960    2.330    1.590 n93n         3868.90
   300.00       -38.69472     -4.460   -4.030   -4.890 n93n         6338.65
   350.00       -56.65693    -10.590   -9.970  -11.210 n93n         5520.71
   400.00       -74.72034      0.000    0.000    0.000                 0.00
   500.00        70.06394      0.000    0.000    0.000                 0.00
   600.00        38.83298      0.000    0.000    0.000                 0.00
   800.00         3.77668      0.000    0.000    0.000                 0.00
  1000.00         0.02114      0.000    0.000    0.000                 0.00
