     0.01        14.56016      0.000    0.000    0.000                 0.00
     0.02        20.11046      0.000    0.000    0.000                 0.00
     0.03        24.08572      0.000    0.000    0.000                 0.00
     1.00        63.17634     62.068   62.098   62.038 n93n         1364.90
     5.00        66.44101     63.630   63.710   63.550 n93n         1234.65
    10.00        64.05974     59.960   60.070   59.850 n93n         1389.08
    25.00        57.35226     50.900   51.090   50.710 n93n         1153.23
    50.00        48.46746     40.540   40.820   40.260 n93n          801.59
   100.00        32.53610     26.780   27.160   26.400 n93n          229.45
   150.00        16.40430     16.940   17.350   16.530 n93n            1.71
   200.00        -0.39378      8.940    9.330    8.550 n93n          572.78
   250.00       -17.82192      1.960    2.330    1.590 n93n         2858.47
   300.00       -35.75132     -4.460   -4.030   -4.890 n93n         5295.55
   350.00       -54.00603    -10.590   -9.970  -11.210 n93n         4903.62
   400.00       -72.35994      0.000    0.000    0.000                 0.00
   500.00        71.84873      0.000    0.000    0.000                 0.00
   600.00        40.03845      0.000    0.000    0.000                 0.00
   800.00         3.98201      0.000    0.000    0.000                 0.00
  1000.00         0.02282      0.000    0.000    0.000                 0.00
