     0.01        14.55969      0.000    0.000    0.000                 0.00
     0.02        20.10889      0.000    0.000    0.000                 0.00
     0.03        24.08284      0.000    0.000    0.000                 0.00
     1.00        63.08550     62.068   62.098   62.038 n93n         1150.34
     5.00        66.20752     63.630   63.710   63.550 n93n         1038.06
    10.00        63.71542     59.960   60.070   59.850 n93n         1165.55
    25.00        56.78895     50.900   51.090   50.710 n93n          960.66
    50.00        47.69968     40.540   40.820   40.260 n93n          653.84
   100.00        31.62242     26.780   27.160   26.400 n93n          162.39
   150.00        15.48736     16.940   17.350   16.530 n93n           12.55
   200.00        -1.26533      8.940    9.330    8.550 n93n          684.74
   250.00       -18.63182      1.960    2.330    1.590 n93n         3097.32
   300.00       -36.49475     -4.460   -4.030   -4.890 n93n         5550.16
   350.00       -54.68200    -10.590   -9.970  -11.210 n93n         5057.50
   400.00       -72.96834      0.000    0.000    0.000                 0.00
   500.00        71.37730      0.000    0.000    0.000                 0.00
   600.00        39.71100      0.000    0.000    0.000                 0.00
   800.00         3.92234      0.000    0.000    0.000                 0.00
  1000.00         0.02229      0.000    0.000    0.000                 0.00
