     0.01        14.55370      0.000    0.000    0.000                 0.00
     0.02        20.09054      0.000    0.000    0.000                 0.00
     0.03        24.04973      0.000    0.000    0.000                 0.00
     1.00        62.07514     62.068   62.098   62.038 n93n            0.06
     5.00        63.61141     63.630   63.710   63.550 n93n            0.05
    10.00        59.87638     59.960   60.070   59.850 n93n            0.58
    25.00        50.41388     50.900   51.090   50.710 n93n            6.55
    50.00        38.72049     40.540   40.820   40.260 n93n           42.23
   100.00        20.22006     26.780   27.160   26.400 n93n          298.01
   150.00         3.44555     16.940   17.350   16.530 n93n         1083.29
   200.00       -13.14566      8.940    9.330    8.550 n93n         3206.95
   250.00       -29.97142      1.960    2.330    1.590 n93n         7447.89
   300.00       -47.10434     -4.460   -4.030   -4.890 n93n         9835.26
   350.00       -64.45870    -10.590   -9.970  -11.210 n93n         7549.00
   400.00       -81.84705      0.000    0.000    0.000                 0.00
   500.00        64.44571      0.000    0.000    0.000                 0.00
   600.00        34.92240      0.000    0.000    0.000                 0.00
   800.00         3.10133      0.000    0.000    0.000                 0.00
  1000.00         0.01564      0.000    0.000    0.000                 0.00
