     0.01        14.55031      0.000    0.000    0.000                 0.00
     0.02        20.08471      0.000    0.000    0.000                 0.00
     0.03        24.04150      0.000    0.000    0.000                 0.00
     1.00        61.94318     62.068   62.098   62.038 n93n           17.31
     5.00        63.27969     63.630   63.710   63.550 n93n           19.17
    10.00        59.38675     59.960   60.070   59.850 n93n           27.16
    25.00        49.59499     50.900   51.090   50.710 n93n           47.18
    50.00        37.54058     40.540   40.820   40.260 n93n          114.75
   100.00        18.64395     26.780   27.160   26.400 n93n          458.42
   150.00         1.70958     16.940   17.350   16.530 n93n         1379.93
   200.00       -14.91231      8.940    9.330    8.550 n93n         3740.52
   250.00       -31.69474      1.960    2.330    1.590 n93n         8273.49
   300.00       -48.74039     -4.460   -4.030   -4.890 n93n        10604.39
   350.00       -65.98006    -10.590   -9.970  -11.210 n93n         7981.42
   400.00       -83.23526      0.000    0.000    0.000                 0.00
   500.00        63.36288      0.000    0.000    0.000                 0.00
   600.00        34.18479      0.000    0.000    0.000                 0.00
   800.00         2.98479      0.000    0.000    0.000                 0.00
  1000.00         0.01479      0.000    0.000    0.000                 0.00
