     0.01        14.54938      0.000    0.000    0.000                 0.00
     0.02        20.08187      0.000    0.000    0.000                 0.00
     0.03        24.03637      0.000    0.000    0.000                 0.00
     1.00        61.78811     62.068   62.098   62.038 n93n           87.04
     5.00        62.88244     63.630   63.710   63.550 n93n           87.32
    10.00        58.79973     59.960   60.070   59.850 n93n          111.26
    25.00        48.61458     50.900   51.090   50.710 n93n          144.69
    50.00        36.13087     40.540   40.820   40.260 n93n          247.96
   100.00        16.76615     26.780   27.160   26.400 n93n          694.44
   150.00        -0.35065     16.940   17.350   16.530 n93n         1778.50
   200.00       -16.99610      8.940    9.330    8.550 n93n         4422.63
   250.00       -33.71032      1.960    2.330    1.590 n93n         9294.17
   300.00       -50.63398     -4.460   -4.030   -4.890 n93n        11530.75
   350.00       -67.71964    -10.590   -9.970  -11.210 n93n         8490.62
   400.00       -84.80120      0.000    0.000    0.000                 0.00
   500.00        62.17828      0.000    0.000    0.000                 0.00
   600.00        33.40561      0.000    0.000    0.000                 0.00
   800.00         2.87172      0.000    0.000    0.000                 0.00
  1000.00         0.01404      0.000    0.000    0.000                 0.00
