     0.01        14.55190      0.000    0.000    0.000                 0.00
     0.02        20.08802      0.000    0.000    0.000                 0.00
     0.03        24.04668      0.000    0.000    0.000                 0.00
     1.00        62.06021     62.068   62.098   62.038 n93n            0.07
     5.00        63.57804     63.630   63.710   63.550 n93n            0.42
    10.00        59.82863     59.960   60.070   59.850 n93n            1.43
    25.00        50.33866     50.900   51.090   50.710 n93n            8.73
    50.00        38.62173     40.540   40.820   40.260 n93n           46.94
   100.00        20.11187     26.780   27.160   26.400 n93n          307.92
   150.00         3.35027     16.940   17.350   16.530 n93n         1098.64
   200.00       -13.22044      8.940    9.330    8.550 n93n         3228.70
   250.00       -30.02464      1.960    2.330    1.590 n93n         7472.73
   300.00       -47.13784     -4.460   -4.030   -4.890 n93n         9850.72
   350.00       -64.47551    -10.590   -9.970  -11.210 n93n         7553.72
   400.00       -81.85058      0.000    0.000    0.000                 0.00
   500.00        64.45858      0.000    0.000    0.000                 0.00
   600.00        34.93950      0.000    0.000    0.000                 0.00
   800.00         3.10573      0.000    0.000    0.000                 0.00
  1000.00         0.01568      0.000    0.000    0.000                 0.00
