     0.01        14.55289      0.000    0.000    0.000                 0.00
     0.02        20.08808      0.000    0.000    0.000                 0.00
     0.03        24.04531      0.000    0.000    0.000                 0.00
     1.00        61.94215     62.068   62.098   62.038 n93n           17.60
     5.00        63.27056     63.630   63.710   63.550 n93n           20.19
    10.00        59.37262     59.960   60.070   59.850 n93n           28.51
    25.00        49.57321     50.900   51.090   50.710 n93n           48.76
    50.00        37.51594     40.540   40.820   40.260 n93n          116.64
   100.00        18.62955     26.780   27.160   26.400 n93n          460.04
   150.00         1.71331     16.940   17.350   16.530 n93n         1379.25
   200.00       -14.88966      8.940    9.330    8.550 n93n         3733.42
   250.00       -31.65540      1.960    2.330    1.590 n93n         8254.16
   300.00       -48.68781     -4.460   -4.030   -4.890 n93n        10579.23
   350.00       -65.91810    -10.590   -9.970  -11.210 n93n         7963.58
   400.00       -83.16778      0.000    0.000    0.000                 0.00
   500.00        63.43032      0.000    0.000    0.000                 0.00
   600.00        34.23882      0.000    0.000    0.000                 0.00
   800.00         2.99500      0.000    0.000    0.000                 0.00
  1000.00         0.01487      0.000    0.000    0.000                 0.00
