     0.01        14.55577      0.000    0.000    0.000                 0.00
     0.02        20.09607      0.000    0.000    0.000                 0.00
     0.03        24.05930      0.000    0.000    0.000                 0.00
     1.00        62.27477     62.068   62.098   62.038 n93n           47.50
     5.00        63.55420     63.630   63.710   63.550 n93n            0.90
    10.00        59.10147     59.960   60.070   59.850 n93n           60.92
    25.00        47.26116     50.900   51.090   50.710 n93n          366.79
    50.00        32.22980     40.540   40.820   40.260 n93n          880.86
   100.00         9.77226     26.780   27.160   26.400 n93n         2003.21
   150.00        -7.20110     16.940   17.350   16.530 n93n         3466.94
   200.00       -17.69755      8.940    9.330    8.550 n93n         4665.08
   250.00        -5.71955      1.960    2.330    1.590 n93n          430.79
   300.00        55.43767     -4.460   -4.030   -4.890 n93n        19403.63
   350.00        65.21668    -10.590   -9.970  -11.210 n93n        14949.67
   400.00        56.98744      0.000    0.000    0.000                 0.00
   600.00        14.08383      0.000    0.000    0.000                 0.00
   800.00         0.36031      0.000    0.000    0.000                 0.00
  1000.00        -0.00056      0.000    0.000    0.000                 0.00
