     0.01        14.63015      0.000    0.000    0.000                 0.00
     0.02        20.29304      0.000    0.000    0.000                 0.00
     0.03        24.39996      0.000    0.000    0.000                 0.00
     1.00        72.20913     62.068   62.098   62.038 n93n       114269.36
     5.00        88.33840     63.630   63.710   63.550 n93n        95391.42
    10.00       -85.30758     59.960   60.070   59.850 n93n      1744022.40
    25.00       -76.73922     50.900   51.090   50.710 n93n       451295.60
    50.00       -72.54865     40.540   40.820   40.260 n93n       163125.56
   100.00       -77.76117     26.780   27.160   26.400 n93n        75684.61
   150.00       -89.73923     16.940   17.350   16.530 n93n        67700.53
   200.00        75.65169      8.940    9.330    8.550 n93n        29260.02
   250.00        59.74051      1.960    2.330    1.590 n93n        24387.05
   300.00        43.13797     -4.460   -4.030   -4.890 n93n        12252.93
   350.00        26.26901    -10.590   -9.970  -11.210 n93n         3534.30
   400.00         9.55995      0.000    0.000    0.000                 0.00
   600.00       -40.18268      0.000    0.000    0.000                 0.00
   800.00        -5.65401      0.000    0.000    0.000                 0.00
  1000.00        -0.01930      0.000    0.000    0.000                 0.00
