     0.01        14.57314      0.000    0.000    0.000                 0.00
     0.02        20.14711      0.000    0.000    0.000                 0.00
     0.03        24.15033      0.000    0.000    0.000                 0.00
     1.00        65.03273     62.068   62.098   62.038 n93n         9766.23
     5.00        70.82912     63.630   63.710   63.550 n93n         8098.02
    10.00        70.42564     59.960   60.070   59.850 n93n         9052.04
    25.00        70.94317     50.900   51.090   50.710 n93n        11128.21
    50.00        87.66679     40.540   40.820   40.260 n93n        28328.24
   100.00       -50.38402     26.780   27.160   26.400 n93n        41234.67
   150.00       -51.56598     16.940   17.350   16.530 n93n        27918.32
   200.00       -63.41533      8.940    9.330    8.550 n93n        34420.08
   250.00       -77.91033      1.960    2.330    1.590 n93n        46598.03
   300.00        86.78344     -4.460   -4.030   -4.890 n93n        45026.31
   350.00        71.38519    -10.590   -9.970  -11.210 n93n        17481.61
   400.00        56.37805      0.000    0.000    0.000                 0.00
   600.00        10.23841      0.000    0.000    0.000                 0.00
   800.00        -0.10147      0.000    0.000    0.000                 0.00
  1000.00        -0.00263      0.000    0.000    0.000                 0.00
