     0.01        14.55607      0.000    0.000    0.000                 0.00
     0.02        20.09797      0.000    0.000    0.000                 0.00
     0.03        24.06322      0.000    0.000    0.000                 0.00
     1.00        62.41939     62.068   62.098   62.038 n93n          137.20
     5.00        63.93057     63.630   63.710   63.550 n93n           14.12
    10.00        59.67367     59.960   60.070   59.850 n93n            6.78
    25.00        48.34796     50.900   51.090   50.710 n93n          180.41
    50.00        34.29869     40.540   40.820   40.260 n93n          496.86
   100.00        15.30405     26.780   27.160   26.400 n93n          912.03
   150.00         7.71814     16.940   17.350   16.530 n93n          505.91
   200.00        30.57374      8.940    9.330    8.550 n93n         3077.05
   250.00        72.06479      1.960    2.330    1.590 n93n        35899.79
   300.00        75.31008     -4.460   -4.030   -4.890 n93n        34414.63
   350.00        66.12845    -10.590   -9.970  -11.210 n93n        15311.45
   400.00        53.83518      0.000    0.000    0.000                 0.00
   600.00        10.35196      0.000    0.000    0.000                 0.00
   800.00        -0.07466      0.000    0.000    0.000                 0.00
  1000.00        -0.00257      0.000    0.000    0.000                 0.00
