     0.01        16.14225      0.000    0.000    0.000                 0.00
     0.02        22.18811      0.000    0.000    0.000                 0.00
     0.03        26.46060      0.000    0.000    0.000                 0.00
     1.00        64.84682     62.068   62.098   62.038 n93n         8579.82
     5.00        66.22538     63.630   63.710   63.550 n93n         1052.50
    10.00        62.24937     59.960   60.070   59.850 n93n          433.16
    25.00        51.50698     50.900   51.090   50.710 n93n           10.21
    50.00        37.54677     40.540   40.820   40.260 n93n          114.28
   100.00        15.50847     26.780   27.160   26.400 n93n          879.83
   150.00        -3.51202     16.940   17.350   16.530 n93n         2488.31
   200.00       -21.36952      8.940    9.330    8.550 n93n         6039.89
   250.00       -38.74221      1.960    2.330    1.590 n93n        12101.32
   300.00       -55.89184     -4.460   -4.030   -4.890 n93n        14306.29
   350.00       -72.86804    -10.590   -9.970  -11.210 n93n        10089.89
   400.00       -89.58219      0.000    0.000    0.000                 0.00
   600.00        31.45611      0.000    0.000    0.000                 0.00
   800.00         2.88036      0.000    0.000    0.000                 0.00
  1000.00         0.02085      0.000    0.000    0.000                 0.00	a  =  -26.4641    r  =    2.2708

