     0.01        14.55209      0.000    0.000    0.000                 0.00
     0.02        20.08908      0.000    0.000    0.000                 0.00
     0.03        24.04880      0.000    0.000    0.000                 0.00
     1.00        62.07162     62.068   62.098   62.038 n93n            0.01
     5.00        63.09760     63.630   63.710   63.550 n93n           44.29
    10.00        58.52574     59.960   60.070   59.850 n93n          170.01
    25.00        46.80261     50.900   51.090   50.710 n93n          465.06
    50.00        33.32187     40.540   40.820   40.260 n93n          664.56
   100.00        29.68099     26.780   27.160   26.400 n93n           58.28
   150.00       -65.86814     16.940   17.350   16.530 n93n        40792.32
   200.00       -63.66095      8.940    9.330    8.550 n93n        34654.16
   250.00       -77.68652      1.960    2.330    1.590 n93n        46337.24
   300.00        85.95243     -4.460   -4.030   -4.890 n93n        44209.88
   350.00        69.25584    -10.590   -9.970  -11.210 n93n        16585.22
   400.00        52.97702      0.000    0.000    0.000                 0.00
   600.00         4.43373      0.000    0.000    0.000                 0.00
   800.00        -1.00228      0.000    0.000    0.000                 0.00
  1000.00        -0.00717      0.000    0.000    0.000                 0.00
