     0.01        14.55626      0.000    0.000    0.000                 0.00
     0.02        20.10124      0.000    0.000    0.000                 0.00
     0.03        24.07044      0.000    0.000    0.000                 0.00
     1.00        62.70754     62.068   62.098   62.038 n93n          454.46
     5.00        64.66544     63.630   63.710   63.550 n93n          167.52
    10.00        60.76205     59.960   60.070   59.850 n93n           53.16
    25.00        50.27247     50.900   51.090   50.710 n93n           10.91
    50.00        37.63004     40.540   40.820   40.260 n93n          108.01
   100.00        23.42635     26.780   27.160   26.400 n93n           77.89
   150.00        30.36840     16.940   17.350   16.530 n93n         1072.71
   200.00        71.34496      8.940    9.330    8.550 n93n        25604.08
   250.00        85.51879      1.960    2.330    1.590 n93n        51001.26
   300.00        79.43658     -4.460   -4.030   -4.890 n93n        38067.26
   350.00        67.87693    -10.590   -9.970  -11.210 n93n        16017.32
   400.00        54.80022      0.000    0.000    0.000                 0.00
   600.00        10.79116      0.000    0.000    0.000                 0.00
   800.00        -0.00933      0.000    0.000    0.000                 0.00
  1000.00        -0.00221      0.000    0.000    0.000                 0.00
