     0.01        14.55777      0.000    0.000    0.000                 0.00
     0.02        20.10156      0.000    0.000    0.000                 0.00
     0.03        24.06887      0.000    0.000    0.000                 0.00
     1.00        62.54848     62.068   62.098   62.038 n93n          256.51
     5.00        64.25053     63.630   63.710   63.550 n93n           60.16
    10.00        60.13731     59.960   60.070   59.850 n93n            2.60
    25.00        49.11449     50.900   51.090   50.710 n93n           88.31
    50.00        35.45951     40.540   40.820   40.260 n93n          329.23
   100.00        17.19179     26.780   27.160   26.400 n93n          636.66
   150.00        10.06362     16.940   17.350   16.530 n93n          281.29
   200.00        28.67979      8.940    9.330    8.550 n93n         2561.86
   250.00        65.84578      1.960    2.330    1.590 n93n        29812.95
   300.00        71.76118     -4.460   -4.030   -4.890 n93n        31420.60
   350.00        64.08087    -10.590   -9.970  -11.210 n93n        14505.04
   400.00        52.62954      0.000    0.000    0.000                 0.00
   600.00        10.47211      0.000    0.000    0.000                 0.00
   800.00        -0.01889      0.000    0.000    0.000                 0.00
  1000.00        -0.00221      0.000    0.000    0.000                 0.00
