     0.01        14.55253      0.000    0.000    0.000                 0.00
     0.02        20.08948      0.000    0.000    0.000                 0.00
     0.03        24.04907      0.000    0.000    0.000                 0.00
     1.00        62.05166     62.068   62.098   62.038 n93n            0.30
     5.00        62.99774     63.630   63.710   63.550 n93n           62.46
    10.00        58.28704     59.960   60.070   59.850 n93n          231.31
    25.00        45.87138     50.900   51.090   50.710 n93n          700.47
    50.00        29.99911     40.540   40.820   40.260 n93n         1417.22
   100.00         5.53616     26.780   27.160   26.400 n93n         3125.35
   150.00       -14.83442     16.940   17.350   16.530 n93n         6006.03
   200.00       -33.10532      8.940    9.330    8.550 n93n        11622.68
   250.00       -49.63145      1.960    2.330    1.590 n93n        19442.49
   300.00       -63.30013     -4.460   -4.030   -4.890 n93n        18724.50
   350.00       -65.65415    -10.590   -9.970  -11.210 n93n         7887.77
   400.00        25.24317      0.000    0.000    0.000                 0.00
   600.00        15.21797      0.000    0.000    0.000                 0.00
   800.00         0.49180      0.000    0.000    0.000                 0.00
  1000.00        -0.00003      0.000    0.000    0.000                 0.00
