     0.01        14.55143      0.000    0.000    0.000                 0.00
     0.02        20.08996      0.000    0.000    0.000                 0.00
     0.03        24.05184      0.000    0.000    0.000                 0.00
     1.00        62.23291     62.068   62.098   62.038 n93n           30.22
     5.00        63.45704     63.630   63.710   63.550 n93n            4.67
    10.00        58.95666     59.960   60.070   59.850 n93n           83.20
    25.00        46.99232     50.900   51.090   50.710 n93n          422.99
    50.00        31.72985     40.540   40.820   40.260 n93n          990.03
   100.00         8.50248     26.780   27.160   26.400 n93n         2313.49
   150.00       -10.26420     16.940   17.350   16.530 n93n         4402.55
   200.00       -26.06402      8.940    9.330    8.550 n93n         8055.76
   250.00       -38.01137      1.960    2.330    1.590 n93n        11670.64
   300.00       -40.47971     -4.460   -4.030   -4.890 n93n         7016.87
   350.00        -9.42518    -10.590   -9.970  -11.210 n93n            3.53
   400.00        30.48881      0.000    0.000    0.000                 0.00
   600.00        11.67609      0.000    0.000    0.000                 0.00
   800.00         0.23460      0.000    0.000    0.000                 0.00
  1000.00        -0.00094      0.000    0.000    0.000                 0.00
