     0.01        14.55364      0.000    0.000    0.000                 0.00
     0.02        20.08975      0.000    0.000    0.000                 0.00
     0.03        24.04800      0.000    0.000    0.000                 0.00
     1.00        61.93967     62.068   62.098   62.038 n93n           18.30
     5.00        62.71491     63.630   63.710   63.550 n93n          130.84
    10.00        57.87818     59.960   60.070   59.850 n93n          358.18
    25.00        45.20493     50.900   51.090   50.710 n93n          898.45
    50.00        29.01596     40.540   40.820   40.260 n93n         1693.92
   100.00         4.00276     26.780   27.160   26.400 n93n         3592.82
   150.00       -16.97706     16.940   17.350   16.530 n93n         6843.35
   200.00       -36.09108      8.940    9.330    8.550 n93n        13332.01
   250.00       -54.07035      1.960    2.330    1.590 n93n        22932.07
   300.00       -71.08826     -4.460   -4.030   -4.890 n93n        24009.33
   350.00       -86.90920    -10.590   -9.970  -11.210 n93n        15152.50
   400.00        79.37980      0.000    0.000    0.000                 0.00
   600.00         9.80570      0.000    0.000    0.000                 0.00
   800.00         0.23633      0.000    0.000    0.000                 0.00
  1000.00        -0.00106      0.000    0.000    0.000                 0.00 a  =  -23.7435    r  =    2.7016
