     0.01        14.55464      0.000    0.000    0.000                 0.00
     0.02        20.09672      0.000    0.000    0.000                 0.00
     0.03        24.06249      0.000    0.000    0.000                 0.00
     1.00        62.47687     62.068   62.098   62.038 n93n          185.74
     5.00        64.07774     63.630   63.710   63.550 n93n           31.32
    10.00        59.88639     59.960   60.070   59.850 n93n            0.45
    25.00        48.69313     50.900   51.090   50.710 n93n          134.91
    50.00        34.80441     40.540   40.820   40.260 n93n          419.60
   100.00        16.10201     26.780   27.160   26.400 n93n          789.61
   150.00         8.99798     16.940   17.350   16.530 n93n          375.23
   200.00        33.18247      8.940    9.330    8.550 n93n         3863.89
   250.00        74.06048      1.960    2.330    1.590 n93n        37972.82
   300.00        76.79752     -4.460   -4.030   -4.890 n93n        35710.03
   350.00        67.53120    -10.590   -9.970  -11.210 n93n        15876.49
   400.00        55.23432      0.000    0.000    0.000                 0.00
   600.00        11.43467      0.000    0.000    0.000                 0.00
   800.00         0.05592      0.000    0.000    0.000                 0.00
  1000.00        -0.00195      0.000    0.000    0.000                 0.00
