     0.01        14.55271      0.000    0.000    0.000                 0.00
     0.02        20.09096      0.000    0.000    0.000                 0.00
     0.03        24.05218      0.000    0.000    0.000                 0.00
     1.00        62.16946     62.068   62.098   62.038 n93n           11.44
     5.00        63.30139     63.630   63.710   63.550 n93n           16.87
    10.00        58.74302     59.960   60.070   59.850 n93n          122.40
    25.00        46.70462     50.900   51.090   50.710 n93n          487.57
    50.00        31.47561     40.540   40.820   40.260 n93n         1048.00
   100.00         8.80136     26.780   27.160   26.400 n93n         2238.45
   150.00        -8.37878     16.940   17.350   16.530 n93n         3813.45
   200.00       -19.98081      8.940    9.330    8.550 n93n         5499.10
   250.00       -18.59411      1.960    2.330    1.590 n93n         3085.99
   300.00        18.27037     -4.460   -4.030   -4.890 n93n         2794.32
   350.00        45.32712    -10.590   -9.970  -11.210 n93n         8134.04
   400.00        44.06992      0.000    0.000    0.000                 0.00
   600.00         8.67816      0.000    0.000    0.000                 0.00
   800.00        -0.18958      0.000    0.000    0.000                 0.00
  1000.00        -0.00301      0.000    0.000    0.000                 0.00
