     0.01        14.55151      0.000    0.000    0.000                 0.00
     0.02        20.08740      0.000    0.000    0.000                 0.00
     0.03        24.04583      0.000    0.000    0.000                 0.00
     1.00        61.98073     62.068   62.098   62.038 n93n            8.46
     5.00        62.82447     63.630   63.710   63.550 n93n          101.39
    10.00        58.04014     59.960   60.070   59.850 n93n          304.62
    25.00        45.48417     50.900   51.090   50.710 n93n          812.50
    50.00        29.46786     40.540   40.820   40.260 n93n         1563.68
   100.00         4.85999     26.780   27.160   26.400 n93n         3327.47
   150.00       -15.49356     16.940   17.350   16.530 n93n         6257.80
   200.00       -33.46895      8.940    9.330    8.550 n93n        11824.58
   250.00       -48.92296      1.960    2.330    1.590 n93n        18912.16
   300.00       -57.72741     -4.460   -4.030   -4.890 n93n        15345.68
   350.00        -0.82078    -10.590   -9.970  -11.210 n93n          248.28
   400.00        51.78153      0.000    0.000    0.000                 0.00
   600.00        14.29258      0.000    0.000    0.000                 0.00
   800.00         0.33301      0.000    0.000    0.000                 0.00
  1000.00        -0.00088      0.000    0.000    0.000                 0.00
