     0.01        14.55099      0.000    0.000    0.000                 0.00
     0.02        20.08636      0.000    0.000    0.000                 0.00
     0.03        24.04422      0.000    0.000    0.000                 0.00
     1.00        61.94702     62.068   62.098   62.038 n93n           16.26
     5.00        62.74484     63.630   63.710   63.550 n93n          122.42
    10.00        57.93160     59.960   60.070   59.850 n93n          340.03
    25.00        45.34023     50.900   51.090   50.710 n93n          856.26
    50.00        29.34914     40.540   40.820   40.260 n93n         1597.39
   100.00         5.07982     26.780   27.160   26.400 n93n         3261.06
   150.00       -14.21879     16.940   17.350   16.530 n93n         5775.55
   200.00       -28.74478      8.940    9.330    8.550 n93n         9336.90
   250.00       -22.94135      1.960    2.330    1.590 n93n         4529.42
   300.00        72.13625     -4.460   -4.030   -4.890 n93n        31730.59
   350.00        72.51452    -10.590   -9.970  -11.210 n93n        17966.60
   400.00        60.35414      0.000    0.000    0.000                 0.00
   600.00        13.30024      0.000    0.000    0.000                 0.00
   800.00         0.15420      0.000    0.000    0.000                 0.00
  1000.00        -0.00183      0.000    0.000    0.000                 0.00
