     0.01        14.55292      0.000    0.000    0.000                 0.00
     0.02        20.09268      0.000    0.000    0.000                 0.00
     0.03        24.05583      0.000    0.000    0.000                 0.00
     1.00        62.30759     62.068   62.098   62.038 n93n           63.78
     5.00        63.65157     63.630   63.710   63.550 n93n            0.07
    10.00        59.25835     59.960   60.070   59.850 n93n           40.69
    25.00        47.59663     50.900   51.090   50.710 n93n          302.28
    50.00        32.95040     40.540   40.820   40.260 n93n          734.72
   100.00        11.87937     26.780   27.160   26.400 n93n         1537.60
   150.00        -1.83540     16.940   17.350   16.530 n93n         2097.06
   200.00        -2.73854      8.940    9.330    8.550 n93n          896.70
   250.00        32.67003      1.960    2.330    1.590 n93n         6889.01
   300.00        62.23697     -4.460   -4.030   -4.890 n93n        24058.87
   350.00        60.80853    -10.590   -9.970  -11.210 n93n        13261.58
   400.00        51.11304      0.000    0.000    0.000                 0.00
   600.00        10.01444      0.000    0.000    0.000                 0.00
   800.00        -0.08385      0.000    0.000    0.000                 0.00
  1000.00        -0.00257      0.000    0.000    0.000                 0.00
