     0.01        14.55393      0.000    0.000    0.000                 0.00
     0.02        20.09311      0.000    0.000    0.000                 0.00
     0.03        24.05527      0.000    0.000    0.000                 0.00
     1.00        62.22113     62.068   62.098   62.038 n93n           26.05
     5.00        63.42323     63.630   63.710   63.550 n93n            6.68
    10.00        58.91036     59.960   60.070   59.850 n93n           91.05
    25.00        46.93414     50.900   51.090   50.710 n93n          435.68
    50.00        31.69073     40.540   40.820   40.260 n93n          998.85
   100.00         8.59905     26.780   27.160   26.400 n93n         2289.11
   150.00        -9.90150     16.940   17.350   16.530 n93n         4285.94
   200.00       -25.28890      8.940    9.330    8.550 n93n         7702.94
   250.00       -36.77654      1.960    2.330    1.590 n93n        10960.70
   300.00       -40.07980     -4.460   -4.030   -4.890 n93n         6861.93
   350.00       -21.68341    -10.590   -9.970  -11.210 n93n          320.15
   400.00        12.45355      0.000    0.000    0.000                 0.00
   600.00         7.40414      0.000    0.000    0.000                 0.00
   800.00        -0.11865      0.000    0.000    0.000                 0.00
  1000.00        -0.00238      0.000    0.000    0.000                 0.00
