     0.01        14.55335      0.000    0.000    0.000                 0.00
     0.02        20.09302      0.000    0.000    0.000                 0.00
     0.03        24.05596      0.000    0.000    0.000                 0.00
     1.00        62.28525     62.068   62.098   62.038 n93n           52.44
     5.00        63.58390     63.630   63.710   63.550 n93n            0.33
    10.00        59.14045     59.960   60.070   59.850 n93n           55.51
    25.00        47.29824     50.900   51.090   50.710 n93n          359.35
    50.00        32.19949     40.540   40.820   40.260 n93n          887.30
   100.00         9.29661     26.780   27.160   26.400 n93n         2116.82
   150.00        -9.06654     16.940   17.350   16.530 n93n         4023.44
   200.00       -24.28876      8.940    9.330    8.550 n93n         7259.37
   250.00       -35.32008      1.960    2.330    1.590 n93n        10151.97
   300.00       -36.46104     -4.460   -4.030   -4.890 n93n         5538.49
   350.00        -8.80402    -10.590   -9.970  -11.210 n93n            8.30
   400.00        25.66735      0.000    0.000    0.000                 0.00
   600.00        10.49717      0.000    0.000    0.000                 0.00
   800.00         0.15607      0.000    0.000    0.000                 0.00
  1000.00        -0.00120      0.000    0.000    0.000                 0.00
