     0.01        14.55573      0.000    0.000    0.000                 0.00
     0.02        20.09468      0.000    0.000    0.000                 0.00
     0.03        24.05615      0.000    0.000    0.000                 0.00
     1.00        62.14674     62.068   62.098   62.038 n93n            6.89
     5.00        63.22998     63.630   63.710   63.550 n93n           25.00
    10.00        58.62560     59.960   60.070   59.850 n93n          147.16
    25.00        46.44428     50.900   51.090   50.710 n93n          549.96
    50.00        30.89910     40.540   40.820   40.260 n93n         1185.55
   100.00         7.10182     26.780   27.160   26.400 n93n         2681.65
   150.00       -12.47607     16.940   17.350   16.530 n93n         5147.56
   200.00       -29.76367      8.940    9.330    8.550 n93n         9848.61
   250.00       -45.12941      1.960    2.330    1.590 n93n        16197.32
   300.00       -57.98597     -4.460   -4.030   -4.890 n93n        15495.02
   350.00       -66.12300    -10.590   -9.970  -11.210 n93n         8022.67
   400.00       -62.40335      0.000    0.000    0.000                 0.00
   600.00         3.11685      0.000    0.000    0.000                 0.00
   800.00        -0.22173      0.000    0.000    0.000                 0.00
  1000.00        -0.00256      0.000    0.000    0.000                 0.00
