     0.01        14.55949      0.000    0.000    0.000                 0.00
     0.02        20.10516      0.000    0.000    0.000                 0.00
     0.03        24.07455      0.000    0.000    0.000                 0.00
     1.00        62.67744     62.068   62.098   62.038 n93n          412.68
     5.00        64.57029     63.630   63.710   63.550 n93n          138.15
    10.00        60.60105     59.960   60.070   59.850 n93n           33.96
    25.00        49.88525     50.900   51.090   50.710 n93n           28.52
    50.00        36.65244     40.540   40.820   40.260 n93n          192.77
   100.00        19.42477     26.780   27.160   26.400 n93n          374.65
   150.00        14.76279     16.940   17.350   16.530 n93n           28.20
   200.00        39.83072      8.940    9.330    8.550 n93n         6273.74
   250.00        73.46673      1.960    2.330    1.590 n93n        37349.98
   300.00        75.84336     -4.460   -4.030   -4.890 n93n        34876.31
   350.00        67.14898    -10.590   -9.970  -11.210 n93n        15721.51
   400.00        55.33576      0.000    0.000    0.000                 0.00
   600.00        12.24405      0.000    0.000    0.000                 0.00
   800.00         0.18680      0.000    0.000    0.000                 0.00
  1000.00        -0.00124      0.000    0.000    0.000                 0.00
