     0.01        14.54979      0.000    0.000    0.000                 0.00
     0.02        20.08287      0.000    0.000    0.000                 0.00
     0.03        24.03803      0.000    0.000    0.000                 0.00
     1.00        61.76723     62.068   62.098   62.038 n93n          100.51
     5.00        62.31135     63.630   63.710   63.550 n93n          271.70
    10.00        57.33071     59.960   60.070   59.850 n93n          571.34
    25.00        44.49479     50.900   51.090   50.710 n93n         1136.47
    50.00        28.51369     40.540   40.820   40.260 n93n         1844.80
   100.00         6.01395     26.780   27.160   26.400 n93n         2986.35
   150.00        -3.21311     16.940   17.350   16.530 n93n         2416.11
   200.00        70.26224      8.940    9.330    8.550 n93n        24723.32
   250.00       -85.12534      1.960    2.330    1.590 n93n        55397.05
   300.00        83.61450     -4.460   -4.030   -4.890 n93n        41953.04
   350.00        68.48239    -10.590   -9.970  -11.210 n93n        16265.46
   400.00        52.87676      0.000    0.000    0.000                 0.00
   600.00         4.93128      0.000    0.000    0.000                 0.00
   800.00        -0.93827      0.000    0.000    0.000                 0.00
  1000.00        -0.00693      0.000    0.000    0.000                 0.00
