     0.01        14.55078      0.000    0.000    0.000                 0.00
     0.02        20.08697      0.000    0.000    0.000                 0.00
     0.03        24.04594      0.000    0.000    0.000                 0.00
     1.00        62.03055     62.068   62.098   62.038 n93n            1.56
     5.00        62.95492     63.630   63.710   63.550 n93n           71.21
    10.00        58.23624     59.960   60.070   59.850 n93n          245.57
    25.00        45.84176     50.900   51.090   50.710 n93n          708.75
    50.00        30.09739     40.540   40.820   40.260 n93n         1390.92
   100.00         6.22430     26.780   27.160   26.400 n93n         2926.16
   150.00       -12.88274     16.940   17.350   16.530 n93n         5290.87
   200.00       -28.43886      8.940    9.330    8.550 n93n         9185.92
   250.00       -37.96708      1.960    2.330    1.590 n93n        11644.79
   300.00       -24.36416     -4.460   -4.030   -4.890 n93n         2142.65
   350.00        35.32738    -10.590   -9.970  -11.210 n93n         5484.93
   400.00        45.05253      0.000    0.000    0.000                 0.00
   600.00        10.33211      0.000    0.000    0.000                 0.00
   800.00        -0.05054      0.000    0.000    0.000                 0.00
  1000.00        -0.00251      0.000    0.000    0.000                 0.00
