     0.01        14.55909      0.000    0.000    0.000                 0.00
     0.02        20.10399      0.000    0.000    0.000                 0.00
     0.03        24.07245      0.000    0.000    0.000                 0.00
     1.00        62.61594     62.068   62.098   62.038 n93n          333.60
     5.00        64.42548     63.630   63.710   63.550 n93n           98.87
    10.00        60.40774     59.960   60.070   59.850 n93n           16.57
    25.00        49.66002     50.900   51.090   50.710 n93n           42.59
    50.00        36.63071     40.540   40.820   40.260 n93n          194.93
   100.00        21.53389     26.780   27.160   26.400 n93n          190.59
   150.00        28.65579     16.940   17.350   16.530 n93n          816.54
   200.00        76.83743      8.940    9.330    8.550 n93n        30309.41
   250.00       -89.88742      1.960    2.330    1.590 n93n        61621.24
   300.00        82.72788     -4.460   -4.030   -4.890 n93n        41112.64
   350.00        70.43291    -10.590   -9.970  -11.210 n93n        17077.81
   400.00        56.88559      0.000    0.000    0.000                 0.00
   600.00        11.67269      0.000    0.000    0.000                 0.00
   800.00         0.06288      0.000    0.000    0.000                 0.00
  1000.00        -0.00195      0.000    0.000    0.000                 0.00
