     0.01        14.55058      0.000    0.000    0.000                 0.00
     0.02        20.08514      0.000    0.000    0.000                 0.00
     0.03        24.04205      0.000    0.000    0.000                 0.00
     1.00        61.88519     62.068   62.098   62.038 n93n           37.13
     5.00        62.61448     63.630   63.710   63.550 n93n          161.14
    10.00        57.78788     59.960   60.070   59.850 n93n          389.93
    25.00        45.35353     50.900   51.090   50.710 n93n          852.17
    50.00        30.18791     40.540   40.820   40.260 n93n         1366.91
   100.00        11.94369     26.780   27.160   26.400 n93n         1524.35
   150.00        41.17263     16.940   17.350   16.530 n93n         3493.28
   200.00       -72.42317      8.940    9.330    8.550 n93n        43523.77
   250.00       -79.90373      1.960    2.330    1.590 n93n        48953.04
   300.00        85.21037     -4.460   -4.030   -4.890 n93n        43487.15
   350.00        69.06117    -10.590   -9.970  -11.210 n93n        16504.45
   400.00        53.03985      0.000    0.000    0.000                 0.00
   600.00         4.72119      0.000    0.000    0.000                 0.00
   800.00        -0.96685      0.000    0.000    0.000                 0.00
  1000.00        -0.00704      0.000    0.000    0.000                 0.00
