     0.01        14.55419      0.000    0.000    0.000                 0.00
     0.02        20.09591      0.000    0.000    0.000                 0.00
     0.03        24.06133      0.000    0.000    0.000                 0.00
     1.00        62.45491     62.068   62.098   62.038 n93n          166.33
     5.00        64.00304     63.630   63.710   63.550 n93n           21.74
    10.00        59.73943     59.960   60.070   59.850 n93n            4.02
    25.00        48.24338     50.900   51.090   50.710 n93n          195.50
    50.00        33.51069     40.540   40.820   40.260 n93n          630.25
   100.00        11.02358     26.780   27.160   26.400 n93n         1719.28
   150.00        -7.24759     16.940   17.350   16.530 n93n         3480.31
   200.00       -22.88332      8.940    9.330    8.550 n93n         6658.27
   250.00       -35.57580      1.960    2.330    1.590 n93n        10291.72
   300.00       -42.66678     -4.460   -4.030   -4.890 n93n         7894.85
   350.00       -34.10570    -10.590   -9.970  -11.210 n93n         1438.58
   400.00         3.83883      0.000    0.000    0.000                 0.00
   600.00        11.95737      0.000    0.000    0.000                 0.00
   800.00         0.42587      0.000    0.000    0.000                 0.00
  1000.00         0.00025      0.000    0.000    0.000                 0.00
