     0.01        14.55502      0.000    0.000    0.000                 0.00
     0.02        20.09448      0.000    0.000    0.000                 0.00
     0.03        24.05679      0.000    0.000    0.000                 0.00
     1.00        62.21719     62.068   62.098   62.038 n93n           24.73
     5.00        63.40949     63.630   63.710   63.550 n93n            7.60
    10.00        58.88786     59.960   60.070   59.850 n93n           95.00
    25.00        46.88556     50.900   51.090   50.710 n93n          446.42
    50.00        31.58588     40.540   40.820   40.260 n93n         1022.66
   100.00         8.29583     26.780   27.160   26.400 n93n         2366.10
   150.00       -10.61969     16.940   17.350   16.530 n93n         4518.36
   200.00       -26.91660      8.940    9.330    8.550 n93n         8452.97
   250.00       -40.61672      1.960    2.330    1.590 n93n        13241.62
   300.00       -50.26077     -4.460   -4.030   -4.890 n93n        11345.11
   350.00       -51.15358    -10.590   -9.970  -11.210 n93n         4280.45
   400.00       -32.39552      0.000    0.000    0.000                 0.00
   600.00         3.70105      0.000    0.000    0.000                 0.00
   800.00        -0.26776      0.000    0.000    0.000                 0.00
  1000.00        -0.00277      0.000    0.000    0.000                 0.00
