     0.01        14.55406      0.000    0.000    0.000                 0.00
     0.02        20.09266      0.000    0.000    0.000                 0.00
     0.03        24.05406      0.000    0.000    0.000                 0.00
     1.00        62.16334     62.068   62.098   62.038 n93n           10.10
     5.00        63.27459     63.630   63.710   63.550 n93n           19.74
    10.00        58.68870     59.960   60.070   59.850 n93n          133.57
    25.00        46.53775     50.900   51.090   50.710 n93n          527.12
    50.00        31.01329     40.540   40.820   40.260 n93n         1157.63
   100.00         7.21429     26.780   27.160   26.400 n93n         2651.09
   150.00       -12.37343     16.940   17.350   16.530 n93n         5111.70
   200.00       -29.58662      8.940    9.330    8.550 n93n         9758.72
   250.00       -44.50948      1.960    2.330    1.590 n93n        15773.65
   300.00       -55.41915     -4.460   -4.030   -4.890 n93n        14044.54
   350.00       -53.73733    -10.590   -9.970  -11.210 n93n         4843.11
   400.00        -4.02851      0.000    0.000    0.000                 0.00
   600.00        11.82893      0.000    0.000    0.000                 0.00
   800.00         0.27774      0.000    0.000    0.000                 0.00
  1000.00        -0.00075      0.000    0.000    0.000                 0.00
