     0.01        14.55259      0.000    0.000    0.000                 0.00	a  =  -23.7395    r  =    2.6355
     0.02        20.09009      0.000    0.000    0.000                 0.00
     0.03        24.05038      0.000    0.000    0.000                 0.00
     1.00        62.10179     62.068   62.098   62.038 n93n            1.27
     5.00        63.11917     63.630   63.710   63.550 n93n           40.77
    10.00        58.45543     59.960   60.070   59.850 n93n          187.08
    25.00        46.11081     50.900   51.090   50.710 n93n          635.36
    50.00        30.26140     40.540   40.820   40.260 n93n         1347.57
   100.00         5.62964     26.780   27.160   26.400 n93n         3097.91
   150.00       -15.20540     16.940   17.350   16.530 n93n         6147.09
   200.00       -34.38999      8.940    9.330    8.550 n93n        12343.77
   250.00       -52.70396      1.960    2.330    1.590 n93n        21827.23
   300.00       -70.44554     -4.460   -4.030   -4.890 n93n        23548.36
   350.00       -87.66824    -10.590   -9.970  -11.210 n93n        15455.40
   400.00        75.73352      0.000    0.000    0.000                 0.00
   600.00        21.50632      0.000    0.000    0.000                 0.00
   800.00         1.41914      0.000    0.000    0.000                 0.00
  1000.00         0.00069      0.000    0.000    0.000                 0.00
