     0.01        14.55694      0.000    0.000    0.000                 0.00
     0.02        20.10051      0.000    0.000    0.000                 0.00
     0.03        24.06773      0.000    0.000    0.000                 0.00
     1.00        62.55147     62.068   62.098   62.038 n93n          259.71
     5.00        64.25281     63.630   63.710   63.550 n93n           60.61
    10.00        60.12716     59.960   60.070   59.850 n93n            2.31
    25.00        49.02311     50.900   51.090   50.710 n93n           97.58
    50.00        35.09184     40.540   40.820   40.260 n93n          378.60
   100.00        15.39747     26.780   27.160   26.400 n93n          897.24
   150.00         3.54178     16.940   17.350   16.530 n93n         1067.89
   200.00         5.65088      8.940    9.330    8.550 n93n           71.13
   250.00        38.54108      1.960    2.330    1.590 n93n         9774.84
   300.00        62.35926     -4.460   -4.030   -4.890 n93n        24147.18
   350.00        61.13863    -10.590   -9.970  -11.210 n93n        13384.49
   400.00        52.09262      0.000    0.000    0.000                 0.00
   600.00        11.76682      0.000    0.000    0.000                 0.00
   800.00         0.16710      0.000    0.000    0.000                 0.00
  1000.00        -0.00128      0.000    0.000    0.000                 0.00
