     0.01        14.55315      0.000    0.000    0.000                 0.00
     0.02        20.09053      0.000    0.000    0.000                 0.00
     0.03        24.05054      0.000    0.000    0.000                 0.00
     1.00        62.07376     62.068   62.098   62.038 n93n            0.04
     5.00        63.05241     63.630   63.710   63.550 n93n           52.13
    10.00        58.36755     59.960   60.070   59.850 n93n          209.58
    25.00        46.01191     50.900   51.090   50.710 n93n          661.87
    50.00        30.23366     40.540   40.820   40.260 n93n         1354.86
   100.00         6.01667     26.780   27.160   26.400 n93n         2985.57
   150.00       -13.91296     16.940   17.350   16.530 n93n         5662.73
   200.00       -31.21642      8.940    9.330    8.550 n93n        10601.83
   250.00       -44.88333      1.960    2.330    1.590 n93n        16028.47
   300.00       -41.62230     -4.460   -4.030   -4.890 n93n         7469.10
   350.00        56.20886    -10.590   -9.970  -11.210 n93n        11607.93
   400.00        59.63884      0.000    0.000    0.000                 0.00
   600.00        15.95065      0.000    0.000    0.000                 0.00
   800.00         0.52079      0.000    0.000    0.000                 0.00
  1000.00         0.00005      0.000    0.000    0.000                 0.00
