     0.01        14.55264      0.000    0.000    0.000                 0.00
     0.02        20.09203      0.000    0.000    0.000                 0.00
     0.03        24.05476      0.000    0.000    0.000                 0.00
     1.00        62.28008     62.068   62.098   62.038 n93n           49.98
     5.00        63.57811     63.630   63.710   63.550 n93n            0.42
    10.00        59.14234     59.960   60.070   59.850 n93n           55.25
    25.00        47.35380     50.900   51.090   50.710 n93n          348.35
    50.00        32.43075     40.540   40.820   40.260 n93n          838.77
   100.00        10.29510     26.780   27.160   26.400 n93n         1881.94
   150.00        -6.22445     16.940   17.350   16.530 n93n         3192.10
   200.00       -16.59822      8.940    9.330    8.550 n93n         4287.97
   250.00       -11.62925      1.960    2.330    1.590 n93n         1348.92
   300.00        28.88114     -4.460   -4.030   -4.890 n93n         6012.07
   350.00        50.17855    -10.590   -9.970  -11.210 n93n         9606.70
   400.00        47.19267      0.000    0.000    0.000                 0.00
   600.00        10.49590      0.000    0.000    0.000                 0.00
   800.00         0.02350      0.000    0.000    0.000                 0.00
  1000.00        -0.00200      0.000    0.000    0.000                 0.00
