     0.01        14.55466      0.000    0.000    0.000                 0.00
     0.02        20.09408      0.000    0.000    0.000                 0.00
     0.03        24.05640      0.000    0.000    0.000                 0.00
     1.00        62.22291     62.068   62.098   62.038 n93n           26.66
     5.00        63.42327     63.630   63.710   63.550 n93n            6.68
    10.00        58.90535     59.960   60.070   59.850 n93n           91.92
    25.00        46.90172     50.900   51.090   50.710 n93n          442.83
    50.00        31.57988     40.540   40.820   40.260 n93n         1024.03
   100.00         8.20471     26.780   27.160   26.400 n93n         2389.48
   150.00       -10.80992     16.940   17.350   16.530 n93n         4580.95
   200.00       -27.10451      8.940    9.330    8.550 n93n         8541.79
   250.00       -40.26584      1.960    2.330    1.590 n93n        13024.26
   300.00       -46.79558     -4.460   -4.030   -4.890 n93n         9693.35
   350.00       -30.42067    -10.590   -9.970  -11.210 n93n         1023.04
   400.00        18.10859      0.000    0.000    0.000                 0.00
   600.00        11.23947      0.000    0.000    0.000                 0.00
   800.00         0.21997      0.000    0.000    0.000                 0.00
  1000.00        -0.00097      0.000    0.000    0.000                 0.00
