     0.01        14.55151      0.000    0.000    0.000                 0.00
     0.02        20.08689      0.000    0.000    0.000                 0.00
     0.03        24.04465      0.000    0.000    0.000                 0.00
     1.00        61.93247     62.068   62.098   62.038 n93n           20.41
     5.00        62.70634     63.630   63.710   63.550 n93n          133.30
    10.00        57.87429     59.960   60.070   59.850 n93n          359.52
    25.00        45.23862     50.900   51.090   50.710 n93n          887.85
    50.00        29.17521     40.540   40.820   40.260 n93n         1647.43
   100.00         4.69413     26.780   27.160   26.400 n93n         3378.02
   150.00       -15.08010     16.940   17.350   16.530 n93n         6099.27
   200.00       -31.18949      8.940    9.330    8.550 n93n        10587.61
   250.00       -38.05150      1.960    2.330    1.590 n93n        11694.09
   300.00        42.69196     -4.460   -4.030   -4.890 n93n        12024.38
   350.00        68.94530    -10.590   -9.970  -11.210 n93n        16456.46
   400.00        59.15147      0.000    0.000    0.000                 0.00
   600.00        13.20338      0.000    0.000    0.000                 0.00
   800.00         0.15147      0.000    0.000    0.000                 0.00
  1000.00        -0.00183      0.000    0.000    0.000                 0.00
