     0.01        14.55215      0.000    0.000    0.000                 0.00
     0.02        20.08747      0.000    0.000    0.000                 0.00
     0.03        24.04502      0.000    0.000    0.000                 0.00
     1.00        61.90873     62.068   62.098   62.038 n93n           28.19
     5.00        62.64424     63.630   63.710   63.550 n93n          151.83
    10.00        57.78219     59.960   60.070   59.850 n93n          391.97
    25.00        45.07699     50.900   51.090   50.710 n93n          939.27
    50.00        28.90367     40.540   40.820   40.260 n93n         1727.09
   100.00         4.12278     26.780   27.160   26.400 n93n         3555.05
   150.00       -16.24616     16.940   17.350   16.530 n93n         6551.59
   200.00       -33.94227      8.940    9.330    8.550 n93n        12090.00
   250.00       -48.11253      1.960    2.330    1.590 n93n        18314.53
   300.00       -47.78996     -4.460   -4.030   -4.890 n93n        10154.06
   350.00        46.97050    -10.590   -9.970  -11.210 n93n         8619.18
   400.00        54.77792      0.000    0.000    0.000                 0.00
   600.00        12.94832      0.000    0.000    0.000                 0.00
   800.00         0.14391      0.000    0.000    0.000                 0.00
  1000.00        -0.00184      0.000    0.000    0.000                 0.00
