     0.01        14.55290      0.000    0.000    0.000                 0.00
     0.02        20.08987      0.000    0.000    0.000                 0.00
     0.03        24.04940      0.000    0.000    0.000                 0.00
     1.00        62.04308     62.068   62.098   62.038 n93n            0.69
     5.00        62.97859     63.630   63.710   63.550 n93n           66.30
    10.00        58.26524     59.960   60.070   59.850 n93n          237.37
    25.00        45.86674     50.900   51.090   50.710 n93n          701.77
    50.00        30.07758     40.540   40.820   40.260 n93n         1396.20
   100.00         5.99451     26.780   27.160   26.400 n93n         2991.94
   150.00       -13.52299     16.940   17.350   16.530 n93n         5520.49
   200.00       -29.78889      8.940    9.330    8.550 n93n         9861.45
   250.00       -40.16868      1.960    2.330    1.590 n93n        12964.40
   300.00       -15.27484     -4.460   -4.030   -4.890 n93n          632.56
   350.00        57.58511    -10.590   -9.970  -11.210 n93n        12091.17
   400.00        56.17810      0.000    0.000    0.000                 0.00
   600.00        13.85990      0.000    0.000    0.000                 0.00
   800.00         0.28698      0.000    0.000    0.000                 0.00
  1000.00        -0.00106      0.000    0.000    0.000                 0.00
