     0.01        14.55405      0.000    0.000    0.000                 0.00
     0.02        20.09333      0.000    0.000    0.000                 0.00
     0.03        24.05561      0.000    0.000    0.000                 0.00
     1.00        62.22789     62.068   62.098   62.038 n93n           28.40
     5.00        63.44133     63.630   63.710   63.550 n93n            5.56
    10.00        58.93923     59.960   60.070   59.850 n93n           86.11
    25.00        46.99609     50.900   51.090   50.710 n93n          422.17
    50.00        31.82647     40.540   40.820   40.260 n93n          968.44
   100.00         9.01159     26.780   27.160   26.400 n93n         2186.40
   150.00        -8.84901     16.940   17.350   16.530 n93n         3956.41
   200.00       -22.61162      8.940    9.330    8.550 n93n         6545.07
   250.00       -29.13520      1.960    2.330    1.590 n93n         7062.90
   300.00       -13.86026     -4.460   -4.030   -4.890 n93n          477.91
   350.00        28.19110    -10.590   -9.970  -11.210 n93n         3912.52
   400.00        39.26836      0.000    0.000    0.000                 0.00
   600.00         9.85893      0.000    0.000    0.000                 0.00
   800.00         0.00189      0.000    0.000    0.000                 0.00
  1000.00        -0.00204      0.000    0.000    0.000                 0.00
