     0.01        14.55464      0.000    0.000    0.000                 0.00
     0.02        20.09575      0.000    0.000    0.000                 0.00
     0.03        24.06027      0.000    0.000    0.000                 0.00
     1.00        62.38420     62.068   62.098   62.038 n93n          111.09
     5.00        63.83286     63.630   63.710   63.550 n93n            6.43
    10.00        59.50812     59.960   60.070   59.850 n93n           16.88
    25.00        47.94286     50.900   51.090   50.710 n93n          242.23
    50.00        33.28372     40.540   40.820   40.260 n93n          671.60
   100.00        11.57302     26.780   27.160   26.400 n93n         1601.47
   150.00        -4.50470     16.940   17.350   16.530 n93n         2735.72
   200.00       -14.19940      8.940    9.330    8.550 n93n         3520.26
   250.00        -7.55913      1.960    2.330    1.590 n93n          661.90
   300.00        33.75105     -4.460   -4.030   -4.890 n93n         7896.62
   350.00        52.98458    -10.590   -9.970  -11.210 n93n        10514.38
   400.00        49.49915      0.000    0.000    0.000                 0.00
   600.00        12.09145      0.000    0.000    0.000                 0.00
   800.00         0.21459      0.000    0.000    0.000                 0.00
  1000.00        -0.00108      0.000    0.000    0.000                 0.00
