     0.01        14.55591      0.000    0.000    0.000                 0.00
     0.02        20.09686      0.000    0.000    0.000                 0.00
     0.03        24.06089      0.000    0.000    0.000                 0.00
     1.00        62.33176     62.068   62.098   62.038 n93n           77.30
     5.00        63.69570     63.630   63.710   63.550 n93n            0.67
    10.00        59.30432     59.960   60.070   59.850 n93n           35.53
    25.00        47.58294     50.900   51.090   50.710 n93n          304.79
    50.00        32.67254     40.540   40.820   40.260 n93n          789.50
   100.00        10.25982     26.780   27.160   26.400 n93n         1890.00
   150.00        -7.22693     16.940   17.350   16.530 n93n         3474.36
   200.00       -20.54396      8.940    9.330    8.550 n93n         5715.35
   250.00       -26.31430      1.960    2.330    1.590 n93n         5839.56
   300.00        -9.47288     -4.460   -4.030   -4.890 n93n          135.91
   350.00        31.55145    -10.590   -9.970  -11.210 n93n         4619.93
   400.00        41.55703      0.000    0.000    0.000                 0.00
   600.00        11.40850      0.000    0.000    0.000                 0.00
   800.00         0.18827      0.000    0.000    0.000                 0.00
  1000.00        -0.00113      0.000    0.000    0.000                 0.00
