     0.01        14.56314      0.000    0.000    0.000                 0.00
     0.02        20.11806      0.000    0.000    0.000                 0.00
     0.03        24.09867      0.000    0.000    0.000                 0.00
     1.00        63.44826     62.068   62.098   62.038 n93n         2116.79
     5.00        66.44082     63.630   63.710   63.550 n93n         1234.49
    10.00        63.20786     59.960   60.070   59.850 n93n          871.78
    25.00        53.64918     50.900   51.090   50.710 n93n          209.36
    50.00        40.86032     40.540   40.820   40.260 n93n            1.31
   100.00        20.35224     26.780   27.160   26.400 n93n          286.12
   150.00         2.42668     16.940   17.350   16.530 n93n         1253.04
   200.00       -14.57197      8.940    9.330    8.550 n93n         3634.54
   250.00       -31.25432      1.960    2.330    1.590 n93n         8058.37
   300.00       -47.85459     -4.460   -4.030   -4.890 n93n        10184.37
   350.00       -64.41404    -10.590   -9.970  -11.210 n93n         7536.49
   400.00       -80.84828      0.000    0.000    0.000                 0.00
   600.00        39.48262      0.000    0.000    0.000                 0.00
   800.00         6.45841      0.000    0.000    0.000                 0.00
  1000.00        -0.03900      0.000    0.000    0.000                 0.00
