     0.01        14.55789      0.000    0.000    0.000                 0.00
     0.02        20.10390      0.000    0.000    0.000                 0.00
     0.03        24.07407      0.000    0.000    0.000                 0.00
     1.00        62.75372     62.068   62.098   62.038 n93n          522.46
     5.00        64.74183     63.630   63.710   63.550 n93n          193.15
    10.00        60.80546     59.960   60.070   59.850 n93n           59.07
    25.00        49.98284     50.900   51.090   50.710 n93n           23.30
    50.00        36.08881     40.540   40.820   40.260 n93n          252.72
   100.00        15.10304     26.780   27.160   26.400 n93n          944.26
   150.00        -1.40967     16.940   17.350   16.530 n93n         2003.04
   200.00       -14.40911      8.940    9.330    8.550 n93n         3584.36
   250.00       -22.07511      1.960    2.330    1.590 n93n         4219.77
   300.00       -17.15914     -4.460   -4.030   -4.890 n93n          872.19
   350.00        11.62726    -10.590   -9.970  -11.210 n93n         1284.10
   400.00        33.69919      0.000    0.000    0.000                 0.00
   600.00        14.29511      0.000    0.000    0.000                 0.00
   800.00         0.65094      0.000    0.000    0.000                 0.00
  1000.00         0.00139      0.000    0.000    0.000                 0.00
