     0.01        14.55353      0.000    0.000    0.000                 0.00
     0.02        20.09149      0.000    0.000    0.000                 0.00
     0.03        24.05217      0.000    0.000    0.000                 0.00
     1.00        62.11860     62.068   62.098   62.038 n93n            2.84
     5.00        63.16972     63.630   63.710   63.550 n93n           33.10
    10.00        58.54801     59.960   60.070   59.850 n93n          164.77
    25.00        46.36277     50.900   51.090   50.710 n93n          570.26
    50.00        30.90229     40.540   40.820   40.260 n93n         1184.76
   100.00         7.60420     26.780   27.160   26.400 n93n         2546.48
   150.00       -10.77086     16.940   17.350   16.530 n93n         4568.07
   200.00       -25.27844      8.940    9.330    8.550 n93n         7698.24
   250.00       -33.39163      1.960    2.330    1.590 n93n         9128.84
   300.00       -22.64747     -4.460   -4.030   -4.890 n93n         1788.99
   350.00        20.35524    -10.590   -9.970  -11.210 n93n         2491.18
   400.00        35.48733      0.000    0.000    0.000                 0.00
   600.00         8.06675      0.000    0.000    0.000                 0.00
   800.00        -0.20689      0.000    0.000    0.000                 0.00
  1000.00        -0.00303      0.000    0.000    0.000                 0.00
