     0.01        14.54717      0.000    0.000    0.000                 0.00
     0.02        20.08036      0.000    0.000    0.000                 0.00
     0.03        24.03623      0.000    0.000    0.000                 0.00
     1.00        61.85205     62.068   62.098   62.038 n93n           51.82
     5.00        62.51330     63.630   63.710   63.550 n93n          194.85
    10.00        57.59209     59.960   60.070   59.850 n93n          463.39
    25.00        44.75245     50.900   51.090   50.710 n93n         1046.88
    50.00        28.37890     40.540   40.820   40.260 n93n         1886.38
   100.00         3.11826     26.780   27.160   26.400 n93n         3877.27
   150.00       -18.02173     16.940   17.350   16.530 n93n         7271.40
   200.00       -37.21660      8.940    9.330    8.550 n93n        14006.79
   250.00       -55.16276      1.960    2.330    1.590 n93n        23834.98
   300.00       -71.92603     -4.460   -4.030   -4.890 n93n        24616.90
   350.00       -86.92184    -10.590   -9.970  -11.210 n93n        15157.52
   400.00        82.41362      0.000    0.000    0.000                 0.00
   600.00        10.59299      0.000    0.000    0.000                 0.00
   800.00         0.08886      0.000    0.000    0.000                 0.00
  1000.00        -0.00193      0.000    0.000    0.000                 0.00
