      0.01        14.55484      0.000    0.000    0.000                 0.00
     0.02        20.09580      0.000    0.000    0.000                 0.00
     0.03        24.06009      0.000    0.000    0.000                 0.00
     1.00        62.36677     62.068   62.098   62.038 n93n           99.18
     5.00        63.81178     63.630   63.710   63.550 n93n            5.16
    10.00        59.52365     59.960   60.070   59.850 n93n           15.74
    25.00        48.25555     50.900   51.090   50.710 n93n          193.72
    50.00        34.97377     40.540   40.820   40.260 n93n          395.19
   100.00        35.93655     26.780   27.160   26.400 n93n          580.63
   150.00       -37.22345     16.940   17.350   16.530 n93n        17451.99
   200.00       -46.60422      8.940    9.330    8.550 n93n        20283.76
   250.00       -62.36609      1.960    2.330    1.590 n93n        30225.32
   300.00       -78.94337     -4.460   -4.030   -4.890 n93n        30004.17
   350.00        84.53930    -10.590   -9.970  -11.210 n93n        23542.10
   400.00        68.48359      0.000    0.000    0.000                 0.00
   600.00        16.94625      0.000    0.000    0.000                 0.00
   800.00         0.56925      0.000    0.000    0.000                 0.00
  1000.00         0.00017      0.000    0.000    0.000                 0.00
